trip_id,trip_length,car_id,car_construction_year,car_engine_displacement,car_fuel_type,car_manufacturer,car_model,measure_index,latitude,longitude,time,time_type,time_light_type_num,road_name,osmap_id,Throttle Position_value,Throttle Position_unit,Speed_value,Speed_unit,Short-Term Fuel Trim 1_value,Short-Term Fuel Trim 1_unit,Rpm_value,Rpm_unit,O2 Lambda Voltage_value,O2 Lambda Voltage_unit,O2 Lambda Voltage ER_value,O2 Lambda Voltage ER_unit,O2 Lambda Current_value,O2 Lambda Current_unit,O2 Lambda Current ER_value,O2 Lambda Current ER_unit,MAF_value,MAF_unit,Long-Term Fuel Trim 1_value,Long-Term Fuel Trim 1_unit,Intake Temperature_value,Intake Temperature_unit,Intake Pressure_value,Intake Pressure_unit,GPS VDOP_value,GPS VDOP_unit,GPS Speed_value,GPS Speed_unit,GPS PDOP_value,GPS PDOP_unit,GPS HDOP_value,GPS HDOP_unit,GPS Bearing_value,GPS Bearing_unit,GPS Altitude_value,GPS Altitude_unit,GPS Accuracy_value,GPS Accuracy_unit,Engine Load_value,Engine Load_unit,Consumption_value,Consumption_unit,Calculated MAF_value,Calculated MAF_unit,CO2_value,CO2_unit,FIXME,access:lanes,access:lanes:forward,alt_name,area,bdouble,bicycle:left,bicycle_road,bridge:name,bridge:structure,bus,bus:lanes,bus:lanes:forward,class:bicycle,cycleway,cycleway:both,destination:colour,destination:colour:lanes,destination:country:lanes,destination:forward,destination:int_ref,destination:lanes:forward,destination:ref,destination:ref:forward,destination:ref:lanes,destination:ref:to:lanes,destination:symbol,destination:symbol:lanes,destination:to:lanes,fixed,fixme,footway,footway:left.sloped_curb.end,footway:left.sloped_curb.start,footway:left.wheelchair,footway:left.wheelchair.end,footway:left.wheelchair.start,footway:left:incline,footway:left:smoothness,footway:left:surface,footway:left:width,footway:right.sloped_curb.end,footway:right.sloped_curb.start,footway:right.wheelchair,footway:right.wheelchair.end,footway:right.wheelchair.start,footway:right:incline,footway:right:smoothness,footway:right:surface,footway:right:width,ford,frequency,gauge,give_way,highway,history,jams,lanes,left:sloped_curb,length,lit,lit_by_gaslight,loc_name,local_ref,mapillary:destination,maxaxleload,maxspeed,maxspeed:conditional,maxspeed:wet,maxweight:forward,name:de,old_name,oneway,parking:condition:both:1,parking:condition:both:1:residents,parking:condition:both:2,parking:condition:both:2:ticket,parking:condition:left:1,parking:condition:left:1:maxstay,parking:condition:left:1:residents,parking:condition:left:1:ticket,parking:condition:left:1:time_interval,parking:condition:left:2,parking:condition:left:2:ticket,parking:condition:left:2:time_interval,parking:condition:left:3,parking:condition:left:3:residents,parking:condition:left:3:time_interval,parking:lane:both,parking:lane:left,parking:lane:right,placement:backward,placement:forward,proposed,psv:lanes,psv:lanes:forward,public_transport,ref:IFOPT,ref_old,right:sloped_curb,source:maxweight:forward,surface,tmc,tmc:forward,traffic_calming,traffic_sign,usability:skate,wheelchair,width,wikidata,wikipedia,zone:maxspeed
57e03350e4b0f05fc1fe03de,13.030113171483283,57cc950ce4b0f05fc1ccc615,2009,1242,gasoline,Ford,Fiesta,0,51.1376008415743,6.289779111028386,2016-09-19T18:32:16Z,night,0,"Beecker Straße, Beeck, Wegberg, Kreis Heinsberg, Regierungsbezirk Köln, Nordrhein-Westfalen, 41844, Deutschland",37365104,15.0,%,45.00000134110451,km/h,,,1631.909549742937,u/min,,,,,,,,,,,,,15.6714508831501,c,31.999999523162842,kPa,1.4690309703350068,precision,44.41148613454254,km/h,1.8253746271133422,precision,1.112687313556671,precision,104.18687396996665,deg,125.68916523538786,m,9.62399971485138,%,24.58767241534241,%,1.821525066197723,l/h,5.541231045128989,g/s,4.280583905564649,kg/h,,,,,,,,,,,,,,,,,,,,,,,,,,,,,,,,,,,,,,,,,,,,,,,,,,,,,,,tertiary,,,,,,,,,,,,50,,,,,,,,,,,,,,,,,,,,,,,,,,,,,,,,,,,,,,,,,,,,,
57e03350e4b0f05fc1fe03de,13.030113171483283,57cc950ce4b0f05fc1ccc615,2009,1242,gasoline,Ford,Fiesta,1,51.13745446758011,6.290639758559632,2016-09-19T18:32:21Z,night,0,"Beecker Straße, Beeck, Wegberg, Kreis Heinsberg, Regierungsbezirk Köln, Nordrhein-Westfalen, 41844, Deutschland",37365104,21.999999344348907,%,49.008360382169485,km/h,,,1794.8515231758356,u/min,,,,,,,,,,,,,16.00000023841858,c,76.91437804698944,kPa,1.3577800422906876,precision,48.14452007530167,km/h,1.8155601114034652,precision,1.2155601292848588,precision,103.42393059103597,deg,124.01815638484197,m,8.0,%,67.61322842655136,%,4.809848586952536,l/h,14.631960222225192,g/s,11.30314417933846,kg/h,,,,,,,,,,,,,,,,,,,,,,,,,,,,,,,,,,,,,,,,,,,,,,,,,,,,,,,tertiary,,,,,,,,,,,,50,,,,,,,,,,,,,,,,,,,,,,,,,,,,,,,,,,,,,,,,,,,,,
57e03350e4b0f05fc1fe03de,13.030113171483283,57cc950ce4b0f05fc1ccc615,2009,1242,gasoline,Ford,Fiesta,2,51.137310171344794,6.291621275315396,2016-09-19T18:32:26Z,night,0,"Beecker Straße, Beeck, Wegberg, Kreis Heinsberg, Regierungsbezirk Köln, Nordrhein-Westfalen, 41844, Deutschland",8016599,21.0,%,50.99999848008156,km/h,,,1858.1696283817291,u/min,,,,,,,,,,,,,16.0,c,71.53921568393707,kPa,1.8777777671813967,precision,50.0815287307837,km/h,2.35694442987442,precision,1.437499988079071,precision,104.1284016357622,deg,120.87216490165153,m,10.490490436553955,%,64.61440351542979,%,4.631534215167543,l/h,14.089513043724262,g/s,10.884105405643727,kg/h,,,,,,,,,,,,,,,,,,,,,,,,,,,,,,,,,,,,,,,,,,,,,,,,,,,,,,,tertiary,,,,,,,,,,,,50,,,,,,,,,,,,,,,,,,,,,,,,,,,,,,,,,,,,,,,,,,,,,
57e03350e4b0f05fc1fe03de,13.030113171483283,57cc950ce4b0f05fc1ccc615,2009,1242,gasoline,Ford,Fiesta,3,51.13721296234962,6.292625558693768,2016-09-19T18:32:31Z,night,0,"Beecker Straße, Beeck, Wegberg, Kreis Heinsberg, Regierungsbezirk Köln, Nordrhein-Westfalen, 41844, Deutschland",8016599,19.086667090654373,%,52.752052545547485,km/h,,,1907.44912353158,u/min,,,,,,,,,,,,,14.999999888241291,c,53.71334433555603,kPa,1.4,precision,51.40793896736852,km/h,1.7,precision,1.0565091609954833,precision,93.1517725276401,deg,120.66102162984461,m,11.999999642372131,%,47.876956016731356,%,3.5820782972152934,l/h,10.89698068665369,g/s,8.41788399845594,kg/h,,,,,,,,,,,,,,,,,,,,,,,,,,,,,,,,,,,,,,,,,,,,,,,,,,,,,,,tertiary,,,,,,,,,,,,50,,,,,,,,,,,,,,,,,,,,,,,,,,,,,,,,,,,,,,,,,,,,,
57e03350e4b0f05fc1fe03de,13.030113171483283,57cc950ce4b0f05fc1ccc615,2009,1242,gasoline,Ford,Fiesta,4,51.13723948607776,6.293621504310885,2016-09-19T18:32:36Z,night,0,"Beecker Straße, Beeck, Wegberg, Kreis Heinsberg, Regierungsbezirk Köln, Nordrhein-Westfalen, 41844, Deutschland",37339914,19.000000070780516,%,52.000001549720764,km/h,,,1894.4486697614193,u/min,,,,,,,,,,,,,16.0,c,54.0,kPa,1.3,precision,50.19319618479415,km/h,1.7999999999999998,precision,1.3,precision,90.46363250734612,deg,118.65416318170914,m,12.000000357627869,%,47.84313654665851,%,3.5642810966354697,l/h,10.84284011938982,g/s,8.376060577093353,kg/h,,,,,,,,,,,,,,,,,,,,,,,,,,,,,,,,,,,,,,,,,,,,,,,,,,,,,,,tertiary,,,,,,,,,,,,,,,,,,,,,,,,,,,,,,,,,,,,,,,,,,,,,,,,,,,,,,,,,
57e03350e4b0f05fc1fe03de,13.030113171483283,57cc950ce4b0f05fc1ccc615,2009,1242,gasoline,Ford,Fiesta,5,51.137207952354004,6.294595026751285,2016-09-19T18:32:41Z,night,0,"Beecker Straße, Beeck, Wegberg, Kreis Heinsberg, Regierungsbezirk Köln, Nordrhein-Westfalen, 41844, Deutschland",37339914,16.885190844535828,%,50.0,km/h,,,1835.9391994476318,u/min,,,,,,,,,,,,,15.27833378314972,c,42.43934363126755,kPa,1.2880477726459503,precision,49.28162629443341,km/h,1.6440238565206529,precision,0.9999999701976776,precision,107.07381557490044,deg,118.91380484372067,m,12.0,%,37.204174387229386,%,2.7214952057274435,l/h,8.279015207090026,g/s,6.3955137334594925,kg/h,,,,,,,,,,,,,,,,,,,,,,,,,,,,,,,,,,,,,,,,,,,,,,,,,,,,,,,tertiary,,,,,,,,,,,,,,,,,,,,,,,,,,,,,,,,,,,,,,,,,,,,,,,,,,,,,,,,,
57e03350e4b0f05fc1fe03de,13.030113171483283,57cc950ce4b0f05fc1ccc615,2009,1242,gasoline,Ford,Fiesta,6,51.137140311237076,6.2955342104669505,2016-09-19T18:32:46Z,night,0,"Am Lindenhof, Beeck, Wegberg, Kreis Heinsberg, Regierungsbezirk Köln, Nordrhein-Westfalen, 41844, Deutschland",9930493,21.000000312924385,%,50.49687498807907,km/h,,,1838.0000547766685,u/min,,,,,,,,,,,,,16.0,c,70.162073507905,kPa,1.6104950487613678,precision,50.09831468844391,km/h,2.0992079198360445,precision,1.2661386132240295,precision,101.81220651005606,deg,116.73304518510915,m,12.0,%,63.13725662231445,%,4.493070987916857,l/h,13.668296367825404,g/s,10.558716821604614,kg/h,,,,,,,,,,,,,,,,,,,,,,,,,,,,,,,,,,,,,,,,,,,,,,,,,,,,,,,residential,,,,,,,,,,,,,,,,,,,,,,,,,,,,,,,,,,,,,,,,,,,,,,,,,,,,,,,,,
57e03350e4b0f05fc1fe03de,13.030113171483283,57cc950ce4b0f05fc1ccc615,2009,1242,gasoline,Ford,Fiesta,7,51.13687834730053,6.296498697390595,2016-09-19T18:32:51Z,night,0,"Beecker Straße, Beeck, Wegberg, Kreis Heinsberg, Regierungsbezirk Köln, Nordrhein-Westfalen, 41844, Deutschland",37339914,14.80756601691246,%,51.999998450279236,km/h,,,1900.016077041626,u/min,,,,,,,,,,,,,15.0,c,27.85576881468296,kPa,1.6652389943599701,precision,49.60919949899994,km/h,1.8999999433755874,precision,0.9347609281539917,precision,122.43399604701699,deg,113.70745387308628,m,12.0,%,22.29091971152915,%,1.8504286453301733,l/h,5.629158141481497,g/s,4.348507316525907,kg/h,,,,,,,,,,,,,,,,,,,,,,,,,,,,,,,,,,,,,,,,,,,,,,,,,,,,,,,tertiary,,,,,,,,,,,,,,,,,,,,,,,,,,,,,,,,,,,,,,,,,,,,,,,,,,,,,,,,,
57e03350e4b0f05fc1fe03de,13.030113171483283,57cc950ce4b0f05fc1ccc615,2009,1242,gasoline,Ford,Fiesta,8,51.13655495457751,6.29739497729927,2016-09-19T18:32:56Z,night,0,"Beecker Straße, Beeck, Wegberg, Kreis Heinsberg, Regierungsbezirk Köln, Nordrhein-Westfalen, 41844, Deutschland",146405272,17.71566990017891,%,55.00000163912773,km/h,,,2018.3322722911835,u/min,,,,,,,,,,,,,15.551386147737503,c,45.04139123111963,kPa,1.340593045949936,precision,56.849676042787905,km/h,1.7217791378498077,precision,1.1029652297496795,precision,121.26488478773717,deg,114.84740894659869,m,12.0,%,37.619407341745756,%,3.1722991397034543,l/h,9.65039834123955,g/s,7.454902978303118,kg/h,,,,,,,,,,,,,,,,,,,,,,,,,,,,,,,,,,,,,,,,,,,,,,,,,,,,,,,tertiary,,,,,,,,,,,,50,,,,,,,,,,,,,,,,,,,,,,,,,,,,,,,,,,,,,,,,,,,,,
57e03350e4b0f05fc1fe03de,13.030113171483283,57cc950ce4b0f05fc1ccc615,2009,1242,gasoline,Ford,Fiesta,9,51.13622481535546,6.2982792854261005,2016-09-19T18:33:01Z,night,0,"Prämienstraße, Beeck, Wegberg, Kreis Heinsberg, Regierungsbezirk Köln, Nordrhein-Westfalen, 41844, Deutschland",146405291,13.069918796420097,%,52.558995485305786,km/h,,,1515.3292781114578,u/min,,,,,,,,,,,,,15.0,c,24.263005793094635,kPa,1.6336065530776978,precision,51.70925111929819,km/h,1.9890710353851317,precision,1.1109289646148681,precision,122.37980762393909,deg,114.74141352665993,m,12.000000357627869,%,18.226341319785064,%,1.2854391830080145,l/h,3.9104131146422976,g/s,3.0207820800688343,kg/h,,,,,,,,,,,,,,,,,,,,,,,,,,,,,,,,,,,,,,,,,,,,,,,,,,,,,,,tertiary,,,2,,,,,,,,,50,,,,,,,,,,,,,,,,,,,,,,,,,,,,,,,,,,,asphalt,,,,,,,,,,
57e03350e4b0f05fc1fe03de,13.030113171483283,57cc950ce4b0f05fc1ccc615,2009,1242,gasoline,Ford,Fiesta,10,51.13588702311325,6.299156024365477,2016-09-19T18:33:06Z,night,0,"Prämienstraße, Beeck, Wegberg, Kreis Heinsberg, Regierungsbezirk Köln, Nordrhein-Westfalen, 41844, Deutschland",146405291,17.999999597668648,%,53.0,km/h,,,1551.0788254141808,u/min,,,,,,,,,,,,,16.000000476837158,c,60.04160425066948,kPa,1.4383466124534605,precision,52.55923268701781,km/h,1.7766932249069214,precision,1.0383466124534606,precision,122.6753776639132,deg,118.59546993982256,m,12.000000357627869,%,52.11391078274346,%,3.2447519415693105,l/h,9.870805802248974,g/s,7.62516706268788,kg/h,,,,,,,,,,,,,,,,,,,,,,,,,,,,,,,,,,,,,,,,,,,,,,,,,,,,,,,tertiary,,,2,,,,,,,,,50,,,,,,,,,,,,,,,,,,,,,,,,,,,,,,,,,,,asphalt,,,,,,,,,,
57e03350e4b0f05fc1fe03de,13.030113171483283,57cc950ce4b0f05fc1ccc615,2009,1242,gasoline,Ford,Fiesta,11,51.13552546589447,6.300008355921893,2016-09-19T18:33:11Z,night,0,"Prämienstraße, Beeck, Wegberg, Kreis Heinsberg, Regierungsbezirk Köln, Nordrhein-Westfalen, 41844, Deutschland",146405291,16.00000023841858,%,51.00000151991844,km/h,,,1477.6086956262589,u/min,,,,,,,,,,,,,16.000000476837158,c,39.70163935422897,kPa,1.4000000417232512,precision,50.52217764702107,km/h,1.7000000506639479,precision,1.0000000298023224,precision,126.02056485727712,deg,121.5986018367089,m,7.999999761581421,%,33.23175707286441,%,2.043916842655173,l/h,6.21776536176059,g/s,4.803204580239657,kg/h,,,,,,,,,,,,,,,,,,,,,,,,,,,,,,,,,,,,,,,,,,,,,,,,,,,,,,,tertiary,,,2,,,,,,,,,50,,,,,,,,,,,,,,,,,,,,,,,,,,,,,,,,,,,asphalt,,,,,,,,,,
57e03350e4b0f05fc1fe03de,13.030113171483283,57cc950ce4b0f05fc1ccc615,2009,1242,gasoline,Ford,Fiesta,12,51.13513781601587,6.300764833928016,2016-09-19T18:33:16Z,night,0,"Prämienstraße, Beeck, Wegberg, Kreis Heinsberg, Regierungsbezirk Köln, Nordrhein-Westfalen, 41844, Deutschland",146405291,16.000000476837158,%,50.0,km/h,,,1461.736798554659,u/min,,,,,,,,,,,,,16.0,c,43.42508143186569,kPa,1.4220778793096542,precision,50.17073314588174,km/h,1.7831168293952941,precision,1.0220778912305832,precision,127.52427342893907,deg,118.82520493845867,m,8.0,%,36.23137889463462,%,2.2115927966680653,l/h,6.727849586863977,g/s,5.197243072169954,kg/h,,,,,,,,,,,,,,,,,,,,,,,,,,,,,,,,,,,,,,,,,,,,,,,,,,,,,,,tertiary,,,2,,,,,,,,,50,,,,,,,,,,,,,,,,,,,,,,,,,,,,,,,,,,,asphalt,,,,,,,,,,
57e03350e4b0f05fc1fe03de,13.030113171483283,57cc950ce4b0f05fc1ccc615,2009,1242,gasoline,Ford,Fiesta,13,51.13473444763852,6.301527540423215,2016-09-19T18:33:21Z,night,0,"Prämienstraße, Beeck, Wegberg, Kreis Heinsberg, Regierungsbezirk Köln, Nordrhein-Westfalen, 41844, Deutschland",146405291,17.91147554665804,%,50.586208403110504,km/h,,,1465.5823817253113,u/min,,,,,,,,,,,,,16.000000476837158,c,53.00000078976154,kPa,1.473009705543518,precision,49.75264254263345,km/h,1.7730097055435179,precision,1.0,precision,130.0207469847228,deg,119.40986196255369,m,5.999999821186066,%,46.666668981313734,%,2.706334387545904,l/h,8.232894734780269,g/s,6.359885810732874,kg/h,,,,,,,,,,,,,,,,,,,,,,,,,,,,,,,,,,,,,,,,,,,,,,,,,,,,,,,tertiary,,,2,,,,,,,,,50,,,,,,,,,,,,,,,,,,,,,,,,,,,,,,,,,,,asphalt,,,,,,,,,,
57e03350e4b0f05fc1fe03de,13.030113171483283,57cc950ce4b0f05fc1ccc615,2009,1242,gasoline,Ford,Fiesta,14,51.13429159965648,6.302293338899333,2016-09-19T18:33:26Z,night,0,"Prämienstraße, Beeck, Wegberg, Kreis Heinsberg, Regierungsbezirk Köln, Nordrhein-Westfalen, 41844, Deutschland",146405291,18.000000067055225,%,50.0,km/h,,,1466.4447562992573,u/min,,,,,,,,,,,,,16.00000023841858,c,54.2841075360775,kPa,1.4999999552965164,precision,49.85987219496451,km/h,1.859195923805237,precision,1.059195947647095,precision,132.7530205002604,deg,121.98127125106006,m,6.000000178813934,%,48.2795079324118,%,2.7735356575539103,l/h,8.437326598250458,g/s,6.51780879525169,kg/h,,,,,,,,,,,,,,,,,,,,,,,,,,,,,,,,,,,,,,,,,,,,,,,,,,,,,,,tertiary,,,2,,,,,,,,,50,,,,,,,,,,,,,,,,,,,,,,,,,,,,,,,,,,,asphalt,,,,,,,,,,
57e03350e4b0f05fc1fe03de,13.030113171483283,57cc950ce4b0f05fc1ccc615,2009,1242,gasoline,Ford,Fiesta,15,51.13386189743157,6.303072282098865,2016-09-19T18:33:31Z,night,0,"Prämienstraße, Beeck, Wegberg, Kreis Heinsberg, Regierungsbezirk Köln, Nordrhein-Westfalen, 41844, Deutschland",146405291,18.000000519677997,%,51.0,km/h,,,1483.1696429252625,u/min,,,,,,,,,,,,,15.999999761581421,c,53.00000157952309,kPa,1.5789883255958557,precision,50.53112308699815,km/h,2.0184824883937837,precision,1.2789883255958556,precision,127.10305974358744,deg,125.35210061704416,m,7.240532457828522,%,46.66666863361996,%,2.73881095119961,l/h,8.331691147795148,g/s,6.436205735319084,kg/h,,,,,,,,,,,,,,,,,,,,,,,,,,,,,,,,,,,,,,,,,,,,,,,,,,,,,,,tertiary,,,2,,,,,,,,,50,,,,,,,,,,,,,,,,,,,,,,,,,,,,,,,,,,,asphalt,,,,,,,,,,
57e03350e4b0f05fc1fe03de,13.030113171483283,57cc950ce4b0f05fc1ccc615,2009,1242,gasoline,Ford,Fiesta,16,51.133472815252844,6.303921583495894,2016-09-19T18:33:36Z,night,0,"Prämienstraße, Beeck, Wegberg, Kreis Heinsberg, Regierungsbezirk Köln, Nordrhein-Westfalen, 41844, Deutschland",146405291,16.081789769232273,%,51.999998450279236,km/h,,,1499.1459521651268,u/min,,,,,,,,,,,,,16.00000023841858,c,44.02531775832176,kPa,1.3926337003707885,precision,51.59021931888037,km/h,1.7389505505561829,precision,1.0926337003707887,precision,124.48184471650711,deg,128.25184695215836,m,8.0,%,38.116542781396845,%,2.2995441927409797,l/h,6.995405063000788,g/s,5.403928852941302,kg/h,,,,,,,,,,,,,,,,,,,,,,,,,,,,,,,,,,,,,,,,,,,,,,,,,,,,,,,tertiary,,,2,,,,,,,,,50,,,,,,,,,,,,,,,,,,,,,,,,,,,,,,,,,,,asphalt,,,,,,,,,,
57e03350e4b0f05fc1fe03de,13.030113171483283,57cc950ce4b0f05fc1ccc615,2009,1242,gasoline,Ford,Fiesta,17,51.13317091409131,6.3046848490154614,2016-09-19T18:33:41Z,night,0,"Prämienstraße, Beeck, Wegberg, Kreis Heinsberg, Regierungsbezirk Köln, Nordrhein-Westfalen, 41844, Deutschland",146405291,14.215909510850906,%,49.88958990573883,km/h,,,1441.5827595591545,u/min,,,,,,,,,,,,,16.000000298023224,c,29.848873615264893,kPa,1.4550561785697935,precision,49.26356767942741,km/h,1.8101123571395874,precision,1.0550561785697936,precision,120.56624578027026,deg,125.19044539795905,m,9.687626481056213,%,24.000766769773918,%,1.499211384372218,l/h,4.560725965542318,g/s,3.523146753274712,kg/h,,,,,,,,,,,,,,,,,,,,,,,,,,,,,,,,,,,,,,,,,,,,,,,,,,,,,,,tertiary,,,2,,,,,,,,,50,,,,,,,,,,,,,,,,,,,,,,,,,,,,,,,,,,,asphalt,,,,,,,,,,
57e03350e4b0f05fc1fe03de,13.030113171483283,57cc950ce4b0f05fc1ccc615,2009,1242,gasoline,Ford,Fiesta,18,51.13292958356531,6.305498618460307,2016-09-19T18:33:46Z,night,0,"Prämienstraße, Beeck, Wegberg, Kreis Heinsberg, Regierungsbezirk Köln, Nordrhein-Westfalen, 41844, Deutschland",332706841,12.777059972286224,%,41.802908539772034,km/h,,,922.292685508728,u/min,,,,,,,,,,,,,16.000000417232513,c,28.395424723625183,kPa,1.3,precision,44.20062971663174,km/h,1.7801587343215943,precision,1.1702381014823913,precision,112.72848576224624,deg,122.70427373666945,m,8.0,%,21.96963986686933,%,0.9124571479915069,l/h,2.77577068228583,g/s,2.1442742977800413,kg/h,,,,,,,,,,,,,,,,,,,,,,,,,,,,,,,,,,,,,,,,,,,,,,,,,,,,,,,service,,,,,,,,,,,,,,,,,,,,,,,,,,,,,,,,,,,,,,,,,,,,,,,,,,,,,,,,,
57e03350e4b0f05fc1fe03de,13.030113171483283,57cc950ce4b0f05fc1ccc615,2009,1242,gasoline,Ford,Fiesta,19,51.13299174940143,6.306270955634663,2016-09-19T18:33:51Z,night,0,"Prämienstraße, Beeck, Wegberg, Kreis Heinsberg, Regierungsbezirk Köln, Nordrhein-Westfalen, 41844, Deutschland",146405291,13.999999582767487,%,40.00000111758709,km/h,,,1476.0571648180485,u/min,,,,,,,,,,,,,15.999999642372131,c,31.000000923871994,kPa,1.6,precision,39.3530947065243,km/h,1.8408325076103211,precision,0.9408325076103211,precision,75.14426912184604,deg,120.02795926694714,m,10.472222566604614,%,25.38259229176583,%,1.5942639634136575,l/h,4.84988383203463,g/s,3.7465203140220953,kg/h,,,,,,,,,,,,,,,,,,,,,,,,,,,,,,,,,,,,,,,,,,,,,,,,,,,,,,,tertiary,,,2,,,,,,,,,50,,,,,,,,,,,,,,,,,,,,,,,,,,,,,,,,,,,asphalt,,,,,,,,,,
57e03350e4b0f05fc1fe03de,13.030113171483283,57cc950ce4b0f05fc1ccc615,2009,1242,gasoline,Ford,Fiesta,20,51.1328540142092,6.307038576155213,2016-09-19T18:33:56Z,night,0,"Prämienstraße, Beeck, Wegberg, Kreis Heinsberg, Regierungsbezirk Köln, Nordrhein-Westfalen, 41844, Deutschland",146405291,12.999999806284904,%,42.9049841016531,km/h,,,1533.90784907341,u/min,,,,,,,,,,,,,17.00000037997961,c,26.31855583190918,kPa,1.7742236018180848,precision,45.03456506361772,km/h,2.2580745339393617,precision,1.4419254660606384,precision,125.0456137860283,deg,115.6951553306674,m,8.0,%,19.926188902487525,%,1.4017071562907537,l/h,4.264109978366164,g/s,3.2940118172832715,kg/h,,,,,,,,,,,,,,,,,,,,,,,,,,,,,,,,,,,,,,,,,,,,,,,,,,,,,,,tertiary,,,2,,,,,,,,,50,,,,,,,,,,,,,,,,,,,,,,,,,,,,,,,,,,,asphalt,,,,,,,,,,
57e03350e4b0f05fc1fe03de,13.030113171483283,57cc950ce4b0f05fc1ccc615,2009,1242,gasoline,Ford,Fiesta,21,51.132572692577405,6.307729330954562,2016-09-19T18:34:01Z,night,0,"Prämienstraße, Beeck, Wegberg, Kreis Heinsberg, Regierungsbezirk Köln, Nordrhein-Westfalen, 41844, Deutschland",207936119,12.213036924600601,%,29.527216389775276,km/h,,,998.4922770559788,u/min,,,,,,,,,,,,,15.999999642372131,c,33.53654730319977,kPa,1.5,precision,30.874057248447343,km/h,2.0238192975521088,precision,1.365092396736145,precision,120.12991901547366,deg,118.78003284535679,m,11.999999642372131,%,24.679090037355763,%,1.1666978677460076,l/h,3.5491921385056666,g/s,2.741739989203118,kg/h,,,,,,,,,,,,,,,,,,,,,,,,,,,,,,,,,,,,,,,,,,,,,,,,,,,,,,,tertiary,,,,,,,,,,,,50,,,,,,,,,,,,,,,,,,,,,,,,,,,,,,,,,,,,,,,,,,,,,
57e03350e4b0f05fc1fe03de,13.030113171483283,57cc950ce4b0f05fc1ccc615,2009,1242,gasoline,Ford,Fiesta,22,51.13252084567992,6.3079438596720045,2016-09-19T18:34:06Z,night,0,"Prämienstraße, Beeck, Wegberg, Kreis Heinsberg, Regierungsbezirk Köln, Nordrhein-Westfalen, 41844, Deutschland",207936119,14.504065036773682,%,1.9999999701976776,km/h,,,890.151638051495,u/min,,,,,,,,,,,,,16.0,c,45.77265244722366,kPa,1.3764243602752686,precision,0.0,km/h,1.7764243602752685,precision,1.1382121801376344,precision,115.93473398490937,deg,119.44508321306358,m,13.406593799591064,%,38.95488158893568,%,1.4195981349242106,l/h,4.318535826284025,g/s,3.336055617071895,kg/h,,,,,,,,,,,,,,,,,,,,,,,,,,,,,,,,,,,,,,,,,,,,,,,,,,,,,,,tertiary,,,,,,,,,,,,50,,,,,,,,,,,,,,,,,,,,,,,,,,,,,,,,,,,,,,,,,,,,,
57e03350e4b0f05fc1fe03de,13.030113171483283,57cc950ce4b0f05fc1ccc615,2009,1242,gasoline,Ford,Fiesta,23,51.13248151635032,6.308218113373847,2016-09-19T18:34:11Z,night,0,"Prämienstraße, Beeck, Wegberg, Kreis Heinsberg, Regierungsbezirk Köln, Nordrhein-Westfalen, 41844, Deutschland",207936119,42.69124525785446,%,27.630769431591034,km/h,,,2068.9809678420424,u/min,,,,,,,,,,,,,16.25731846690178,c,80.52099272608757,kPa,1.3,precision,26.1869670459148,km/h,1.6,precision,0.9,precision,123.24557057278639,deg,119.81019988304061,m,12.000000357627869,%,68.31663955655358,%,5.799287622054283,l/h,17.641916220257635,g/s,13.628325911827567,kg/h,,,,,,,,,,,,,,,,,,,,,,,,,,,,,,,,,,,,,,,,,,,,,,,,,,,,,,,tertiary,,,,,,,,,,,,50,,,,,,,,,,,,,,,,,,,,,,,,,,,,,,,,,,,,,,,,,,,,,
57e03350e4b0f05fc1fe03de,13.030113171483283,57cc950ce4b0f05fc1ccc615,2009,1242,gasoline,Ford,Fiesta,24,51.132318040543566,6.308735375216445,2016-09-19T18:34:16Z,night,0,"Kirchgasse, Beeck, Wegberg, Kreis Heinsberg, Regierungsbezirk Köln, Nordrhein-Westfalen, 41844, Deutschland",146405279,13.000000387430191,%,31.126382768154144,km/h,,,1546.0644700527191,u/min,,,,,,,,,,,,,15.0,c,22.0,kPa,1.4,precision,32.281347010785225,km/h,1.6999999999999997,precision,1.0,precision,117.72047556863072,deg,119.841526121965,m,9.455276131629944,%,15.58673257605085,%,1.1891871242597276,l/h,3.617606330925113,g/s,2.79458974201036,kg/h,,,,,,,,,,,,,,,,,,,,,,,,,,,,,,,,,,,,,,,,,,,,,,,,,,,,,,,service,,,,,,,,,,,,30,,,,,,,,,,,,,,,,,,,,,,,,,,,,,,,,,,,,,,,,,,,,,
57e03350e4b0f05fc1fe03de,13.030113171483283,57cc950ce4b0f05fc1ccc615,2009,1242,gasoline,Ford,Fiesta,25,51.13217895315955,6.309274138414777,2016-09-19T18:34:21Z,night,0,"Prämienstraße, Beeck, Wegberg, Kreis Heinsberg, Regierungsbezirk Köln, Nordrhein-Westfalen, 41844, Deutschland",146390040,54.56807577610016,%,32.685460433363914,km/h,,,1627.300641479902,u/min,,,,,,,,,,,,,16.99999949336052,c,90.06721583008766,kPa,1.484994813799858,precision,32.06929067833897,km/h,2.0933195590972904,precision,1.4549845308065414,precision,117.0171501066086,deg,121.13384958631457,m,10.557113885879517,%,74.21329607541679,%,5.08897715252543,l/h,15.481092579411737,g/s,11.959096308434761,kg/h,,,,,,,,,,,,,,,,,,,,,,,,,,,,,,,,,,,,,,,,,,,,,,,,,,,,,,,tertiary,,,,,,,,,,,,50,,,,,,,,,,,,,,,,,,,,,,,,,,,,,,,,,,,,,,,,,,,,,
57e03350e4b0f05fc1fe03de,13.030113171483283,57cc950ce4b0f05fc1ccc615,2009,1242,gasoline,Ford,Fiesta,26,51.13198662235462,6.309967143750061,2016-09-19T18:34:26Z,night,0,"Prämienstraße, Beeck, Wegberg, Kreis Heinsberg, Regierungsbezirk Köln, Nordrhein-Westfalen, 41844, Deutschland",146390040,18.000000536441803,%,43.0,km/h,,,1571.5840978622437,u/min,,,,,,,,,,,,,15.416796267032623,c,53.16887357831001,kPa,1.5415741682052613,precision,41.47630555017554,km/h,2.4,precision,1.9,precision,117.45325732753099,deg,121.42531205759576,m,12.0,%,47.12236519770505,%,2.917207148034227,l/h,8.874387244915788,g/s,6.855436797880434,kg/h,,,,,,,,,,,,,,,,,,,,,,,,,,,,,,,,,,,,,,,,,,,,,,,,,,,,,,,tertiary,,,,,,,,,,,,50,,,,,,,,,,,,,,,,,,,,,,,,,,,,,,,,,,,,,,,,,,,,,
57e03350e4b0f05fc1fe03de,13.030113171483283,57cc950ce4b0f05fc1ccc615,2009,1242,gasoline,Ford,Fiesta,27,51.13176001338515,6.310750289793637,2016-09-19T18:34:31Z,night,0,"Prämienstraße, Beeck, Wegberg, Kreis Heinsberg, Regierungsbezirk Köln, Nordrhein-Westfalen, 41844, Deutschland",146390040,12.999999612569809,%,38.07580702006817,km/h,,,1393.0514572262764,u/min,,,,,,,,,,,,,15.76404494047165,c,23.565978437662125,kPa,1.3601626425981523,precision,37.829330577795986,km/h,1.8601626574993135,precision,1.26016263961792,precision,113.95833400853599,deg,121.805205298866,m,11.999999642372131,%,17.210903823529634,%,1.1447285694479041,l/h,3.482359702307978,g/s,2.6901121382025748,kg/h,,,,,,,,,,,,,,,,,,,,,,,,,,,,,,,,,,,,,,,,,,,,,,,,,,,,,,,tertiary,,,,,,,,,,,,50,,,,,,,,,,,,,,,,,,,,,,,,,,,,,,,,,,,,,,,,,,,,,
57e03350e4b0f05fc1fe03de,13.030113171483283,57cc950ce4b0f05fc1ccc615,2009,1242,gasoline,Ford,Fiesta,28,51.13163102240679,6.311256163708081,2016-09-19T18:34:36Z,night,0,"Prämienstraße, Beeck, Wegberg, Kreis Heinsberg, Regierungsbezirk Köln, Nordrhein-Westfalen, 41844, Deutschland",146390040,86.0,%,30.136363863945007,km/h,,,1455.776030510664,u/min,,,,,,,,,,,,,17.00000037997961,c,101.0,kPa,1.586368316411972,precision,28.24987273289321,km/h,2.0863683015108108,precision,1.3621227473020554,precision,114.85480358397672,deg,122.40359181335918,m,12.0,%,91.6827337484101,%,5.105189934581721,l/h,15.53041321349214,g/s,11.997196346267044,kg/h,,,,,,,,,,,,,,,,,,,,,,,,,,,,,,,,,,,,,,,,,,,,,,,,,,,,,,,tertiary,,,,,,,,,,,,50,,,,,,,,,,,,,,,,,,,,,,,,,,,,,,,,,,,,,,,,,,,,,
57e03350e4b0f05fc1fe03de,13.030113171483283,57cc950ce4b0f05fc1ccc615,2009,1242,gasoline,Ford,Fiesta,29,51.13146879344806,6.311840313187618,2016-09-19T18:34:41Z,night,0,"Prämienstraße, Beeck, Wegberg, Kreis Heinsberg, Regierungsbezirk Köln, Nordrhein-Westfalen, 41844, Deutschland",146390041,13.000000193715096,%,30.54801368713379,km/h,,,1040.113083600998,u/min,,,,,,,,,,,,,15.000000419095159,c,28.0,kPa,1.3,precision,29.49514826504401,km/h,1.8000000000000003,precision,1.2,precision,116.4526161097674,deg,124.22754654661973,m,9.447999954223633,%,22.639870359425686,%,1.0182126957203288,l/h,3.097487871439217,g/s,2.392799834942773,kg/h,,,,,,,,,,,,,,,,,,,,,,,,,,,,,,,,,,,,,,,,,,,,,,,,,,,,,,,tertiary,,,,,,,,,,,,50,,,,,,yes,,,,,,,,,,,,,,,,,,,,,,,,,,,,,,,,,,,,,,,
57e03350e4b0f05fc1fe03de,13.030113171483283,57cc950ce4b0f05fc1ccc615,2009,1242,gasoline,Ford,Fiesta,30,51.13138862368653,6.312151294072177,2016-09-19T18:34:46Z,night,0,"Prämienstraße, Beeck, Wegberg, Kreis Heinsberg, Regierungsbezirk Köln, Nordrhein-Westfalen, 41844, Deutschland",146390041,25.122149605304003,%,11.171339511871338,km/h,,,1450.2727704942226,u/min,,,,,,,,,,,,,16.13798426091671,c,90.76682317256927,kPa,1.4191960245370865,precision,10.300802748654633,km/h,1.7191960334777832,precision,1.0191960126161574,precision,114.11617698256032,deg,124.52235250539944,m,12.0,%,82.86156339506624,%,4.584214966169703,l/h,13.945563945002082,g/s,10.772905170498802,kg/h,,,,,,,,,,,,,,,,,,,,,,,,,,,,,,,,,,,,,,,,,,,,,,,,,,,,,,,tertiary,,,,,,,,,,,,50,,,,,,yes,,,,,,,,,,,,,,,,,,,,,,,,,,,,,,,,,,,,,,,
57e03350e4b0f05fc1fe03de,13.030113171483283,57cc950ce4b0f05fc1ccc615,2009,1242,gasoline,Ford,Fiesta,31,51.131152658696166,6.312166130865373,2016-09-19T18:34:51Z,night,0,"Grenzlandring, Beeck, Wegberg, Kreis Heinsberg, Regierungsbezirk Köln, Nordrhein-Westfalen, 41844, Deutschland",309924862,12.088962217792869,%,30.999999076128006,km/h,,,2008.44589304924,u/min,,,,,,,,,,,,,15.797029227018356,c,42.671054273843765,kPa,1.3433198392391206,precision,30.28106924434644,km/h,1.586639678478241,precision,0.9000000000000001,precision,195.83071592563738,deg,124.57730792604207,m,10.397590398788452,%,25.829462430179433,%,2.988090986435202,l/h,9.090021788318086,g/s,7.022013818122725,kg/h,,,,,,,,,,,,,,,,,,,,,,,,,,,,,,,,,,,,,,,,,,,,,,,,,,,,,,,secondary,,,,,,,,,,,,70,,,,,,yes,,,,,,,,,,,,,,,,,,,,,,,,,,,,,,,,,,,,,,,
57e03350e4b0f05fc1fe03de,13.030113171483283,57cc950ce4b0f05fc1ccc615,2009,1242,gasoline,Ford,Fiesta,32,51.13077469721685,6.312030538707251,2016-09-19T18:34:56Z,night,0,"Grenzlandring, Beeck, Wegberg, Kreis Heinsberg, Regierungsbezirk Köln, Nordrhein-Westfalen, 41844, Deutschland",146390016,12.999999612569809,%,30.5935075879097,km/h,,,1528.745500177145,u/min,,,,,,,,,,,,,15.254992306232452,c,22.999999314546585,kPa,1.4293542504310608,precision,30.7010637497051,km/h,1.7293542593717575,precision,0.9573385804891587,precision,189.16596397467947,deg,121.13520197243724,m,8.0,%,16.81501557401951,%,1.22822740271571,l/h,3.7363701113447494,g/s,2.8863343963819186,kg/h,,,,,,,,,,,,,,,,,,,,,,,,,,,,,,,,,,,,,,,,,,,,,,,,,,,,,,,secondary,,,,,,,,,,,,70,,,,,,yes,,,,,,,,,,,,,,,,,,,,,,,,,,,,,,,,,,,,,,,
57e03350e4b0f05fc1fe03de,13.030113171483283,57cc950ce4b0f05fc1ccc615,2009,1242,gasoline,Ford,Fiesta,33,51.13049920156001,6.312001756847051,2016-09-19T18:35:01Z,night,0,"Grenzlandring, Beeck, Wegberg, Kreis Heinsberg, Regierungsbezirk Köln, Nordrhein-Westfalen, 41844, Deutschland",309924862,12.904605358839035,%,12.280880272388458,km/h,,,764.9257205426693,u/min,,,,,,,,,,,,,16.25993376970291,c,36.028098076581955,kPa,1.804635113477707,precision,12.940255551455834,km/h,2.2864891588687897,precision,1.3637080907821655,precision,182.8554511769562,deg,119.48613193958286,m,16.0,%,28.335281365990653,%,0.9593248807165986,l/h,2.9183462308799526,g/s,2.254413469684007,kg/h,,,,,,,,,,,,,,,,,,,,,,,,,,,,,,,,,,,,,,,,,,,,,,,,,,,,,,,secondary,,,,,,,,,,,,70,,,,,,yes,,,,,,,,,,,,,,,,,,,,,,,,,,,,,,,,,,,,,,,
57e03350e4b0f05fc1fe03de,13.030113171483283,57cc950ce4b0f05fc1ccc615,2009,1242,gasoline,Ford,Fiesta,34,51.13046883070717,6.312001239184313,2016-09-19T18:35:06Z,night,0,"Grenzlandring, Beeck, Wegberg, Kreis Heinsberg, Regierungsbezirk Köln, Nordrhein-Westfalen, 41844, Deutschland",309924862,11.999999642372131,%,0.0,km/h,,,761.1499999165535,u/min,,,,,,,,,,,,,16.99999949336052,c,36.000001072883606,kPa,2.125697213411331,precision,0.0,km/h,2.655976098775864,precision,1.5256972134113311,precision,181.26748657226562,deg,119.38716949613773,m,12.0,%,27.45098032203373,%,0.9514122366526649,l/h,2.894275308250461,g/s,2.235818756133763,kg/h,,,,,,,,,,,,,,,,,,,,,,,,,,,,,,,,,,,,,,,,,,,,,,,,,,,,,,,secondary,,,,,,,,,,,,70,,,,,,yes,,,,,,,,,,,,,,,,,,,,,,,,,,,,,,,,,,,,,,,
57e03350e4b0f05fc1fe03de,13.030113171483283,57cc950ce4b0f05fc1ccc615,2009,1242,gasoline,Ford,Fiesta,35,51.13046883070717,6.312001239184312,2016-09-19T18:35:11Z,night,0,"Grenzlandring, Beeck, Wegberg, Kreis Heinsberg, Regierungsbezirk Köln, Nordrhein-Westfalen, 41844, Deutschland",309924862,12.0,%,0.0,km/h,,,763.000005684793,u/min,,,,,,,,,,,,,17.0,c,33.99999949336052,kPa,1.7091188043355943,precision,0.0,km/h,2.0818646967411043,precision,1.1454917728900909,precision,181.26748657226562,deg,119.38932912352327,m,8.0,%,26.666666825612367,%,0.9007399360395204,l/h,2.7401259470935577,g/s,2.116738849692873,kg/h,,,,,,,,,,,,,,,,,,,,,,,,,,,,,,,,,,,,,,,,,,,,,,,,,,,,,,,secondary,,,,,,,,,,,,70,,,,,,yes,,,,,,,,,,,,,,,,,,,,,,,,,,,,,,,,,,,,,,,
57e03350e4b0f05fc1fe03de,13.030113171483283,57cc950ce4b0f05fc1ccc615,2009,1242,gasoline,Ford,Fiesta,36,51.13046730690046,6.312001051072016,2016-09-19T18:35:16Z,night,0,"Grenzlandring, Beeck, Wegberg, Kreis Heinsberg, Regierungsbezirk Köln, Nordrhein-Westfalen, 41844, Deutschland",309924862,11.999999642372131,%,0.0,km/h,,,762.044175658375,u/min,,,,,,,,,,,,,17.0,c,34.88067252933979,kPa,1.4652850151062013,precision,0.0,km/h,1.7652850240468978,precision,0.966114017367363,precision,181.26748117007355,deg,119.41239054170501,m,4.65668648481369,%,26.387942369319205,%,0.9229134277147739,l/h,2.807579556560652,g/s,2.168846555129719,kg/h,,,,,,,,,,,,,,,,,,,,,,,,,,,,,,,,,,,,,,,,,,,,,,,,,,,,,,,secondary,,,,,,,,,,,,70,,,,,,yes,,,,,,,,,,,,,,,,,,,,,,,,,,,,,,,,,,,,,,,
57e03350e4b0f05fc1fe03de,13.030113171483283,57cc950ce4b0f05fc1ccc615,2009,1242,gasoline,Ford,Fiesta,37,51.13046730690046,6.312001051072016,2016-09-19T18:35:21Z,night,0,"Grenzlandring, Beeck, Wegberg, Kreis Heinsberg, Regierungsbezirk Köln, Nordrhein-Westfalen, 41844, Deutschland",309924862,12.0,%,0.0,km/h,,,760.9572538509965,u/min,,,,,,,,,,,,,17.0,c,34.00000101327896,kPa,1.4262096762657166,precision,0.0,km/h,1.7631048381328582,precision,1.0368951618671418,precision,181.26748117007355,deg,119.43578519829596,m,5.999999821186066,%,26.66666603088379,%,0.8983284583179707,l/h,2.7327900309081263,g/s,2.111071877047231,kg/h,,,,,,,,,,,,,,,,,,,,,,,,,,,,,,,,,,,,,,,,,,,,,,,,,,,,,,,secondary,,,,,,,,,,,,70,,,,,,yes,,,,,,,,,,,,,,,,,,,,,,,,,,,,,,,,,,,,,,,
57e03350e4b0f05fc1fe03de,13.030113171483283,57cc950ce4b0f05fc1ccc615,2009,1242,gasoline,Ford,Fiesta,38,51.13046730690046,6.312001051072016,2016-09-19T18:35:26Z,night,0,"Grenzlandring, Beeck, Wegberg, Kreis Heinsberg, Regierungsbezirk Köln, Nordrhein-Westfalen, 41844, Deutschland",309924862,11.999999642372131,%,0.0,km/h,,,758.592008471489,u/min,,,,,,,,,,,,,17.0,c,34.00000050663948,kPa,1.459350436925888,precision,0.0,km/h,1.700000050663948,precision,0.9812992423772813,precision,181.26748117007355,deg,119.48472004364545,m,5.999999821186066,%,26.75686924419722,%,0.8955362155485115,l/h,2.7242957957165337,g/s,2.104510106539002,kg/h,,,,,,,,,,,,,,,,,,,,,,,,,,,,,,,,,,,,,,,,,,,,,,,,,,,,,,,secondary,,,,,,,,,,,,70,,,,,,yes,,,,,,,,,,,,,,,,,,,,,,,,,,,,,,,,,,,,,,,
57e03350e4b0f05fc1fe03de,13.030113171483283,57cc950ce4b0f05fc1ccc615,2009,1242,gasoline,Ford,Fiesta,39,51.130456501157866,6.312010337445239,2016-09-19T18:35:31Z,night,0,"Grenzlandring, Beeck, Wegberg, Kreis Heinsberg, Regierungsbezirk Köln, Nordrhein-Westfalen, 41844, Deutschland",309924862,23.86602872610092,%,7.454545333981514,km/h,,,964.4777541235089,u/min,,,,,,,,,,,,,18.000000536441803,c,81.83844923973083,kPa,1.3999999582767486,precision,1.2942485168629574,km/h,1.6999999493360518,precision,0.9999999701976776,precision,164.20024416176147,deg,119.71329887854837,m,7.384780287742615,%,71.90110653735383,%,2.7311864721448393,l/h,8.30849684713728,g/s,6.418288209540373,kg/h,,,,,,,,,,,,,,,,,,,,,,,,,,,,,,,,,,,,,,,,,,,,,,,,,,,,,,,secondary,,,,,,,,,,,,70,,,,,,yes,,,,,,,,,,,,,,,,,,,,,,,,,,,,,,,,,,,,,,,
57e03350e4b0f05fc1fe03de,13.030113171483283,57cc950ce4b0f05fc1ccc615,2009,1242,gasoline,Ford,Fiesta,40,51.130318230096606,6.3123057062742225,2016-09-19T18:35:36Z,night,0,"L 127, Beeck, Wegberg, Kreis Heinsberg, Regierungsbezirk Köln, Nordrhein-Westfalen, 41844, Deutschland",146390036,27.449345588684082,%,28.67380604147911,km/h,,,2137.4804722219706,u/min,,,,,,,,,,,,,17.0,c,89.19016532599926,kPa,1.3235707521438598,precision,20.581089261107422,km/h,1.600000047683716,precision,0.8764293134212494,precision,92.2452709149527,deg,119.99517477939166,m,12.000000357627869,%,77.98431668936041,%,6.619346132515232,l/h,20.136602547289044,g/s,15.555463411410795,kg/h,,,,,,,,,,,,,,,,,,,,,,,,,,,,,,,,,,,,,,,,,,,,,,,,,,,,,,,secondary,,,,,,,,,,,,70,,,,,,yes,,,,,,,,,,,,,,,,,,,,,,,,,,,,,,,,,,,,,,,
57e03350e4b0f05fc1fe03de,13.030113171483283,57cc950ce4b0f05fc1ccc615,2009,1242,gasoline,Ford,Fiesta,41,51.130414150835854,6.3129269931710255,2016-09-19T18:35:41Z,night,0,"L 127, Beeck, Wegberg, Kreis Heinsberg, Regierungsbezirk Köln, Nordrhein-Westfalen, 41844, Deutschland",146390038,86.00000256299973,%,45.86102305352688,km/h,,,2237.0818615555763,u/min,,,,,,,,,,,,,17.0,c,96.69119706749916,kPa,1.7864809602499008,precision,44.09036171134994,km/h,2.129721423983574,precision,1.1297213941812516,precision,75.56610097443809,deg,119.21521997433814,m,12.0,%,92.18838510186515,%,7.510429610913984,l/h,22.847352745534582,g/s,17.649509585647863,kg/h,,,,,,,,,,,,,,,,,,,,,,,,,,,,,,,,,,,,,,,,,,,,,,,,,,,,,,,secondary,,,1,,,,,,,,,70,,,,,,yes,,,,,,,,,,,,,,,,,,,,,,,,,,,,,,,,,,,,,,,
57e03350e4b0f05fc1fe03de,13.030113171483283,57cc950ce4b0f05fc1ccc615,2009,1242,gasoline,Ford,Fiesta,42,51.1305183534591,6.313857374391343,2016-09-19T18:35:46Z,night,0,"L 127, Beeck, Wegberg, Kreis Heinsberg, Regierungsbezirk Köln, Nordrhein-Westfalen, 41844, Deutschland",146390038,85.99999743700027,%,55.96789873018861,km/h,,,2054.6666976064444,u/min,,,,,,,,,,,,,15.999999523162842,c,100.0,kPa,1.7417759895324707,precision,54.93983906767244,km/h,2.081331992149353,precision,1.2,precision,82.12392132554669,deg,119.10893637692281,m,12.0,%,93.53769001767682,%,7.158742275998311,l/h,21.77749056544319,g/s,16.82304434859603,kg/h,,,,,,,,,,,,,,,,,,,,,,,,,,,,,,,,,,,,,,,,,,,,,,,,,,,,,,,secondary,,,1,,,,,,,,,70,,,,,,yes,,,,,,,,,,,,,,,,,,,,,,,,,,,,,,,,,,,,,,,
57e03350e4b0f05fc1fe03de,13.030113171483283,57cc950ce4b0f05fc1ccc615,2009,1242,gasoline,Ford,Fiesta,43,51.130479263822394,6.315049606322505,2016-09-19T18:35:51Z,night,0,"Am Alten Schlagbaum, Beeck, Wegberg, Kreis Heinsberg, Regierungsbezirk Köln, Nordrhein-Westfalen, 41844, Deutschland",146466931,86.00000128149986,%,63.10474491119385,km/h,,,1839.6985168457031,u/min,,,,,,,,,,,,,15.99999988079071,c,100.00000298023224,kPa,1.4401415139436722,precision,62.69339176318317,km/h,1.7401415050029754,precision,0.8999999731779098,precision,95.23079911456443,deg,119.14840660130625,m,8.0,%,93.41099905548799,%,6.409763656160088,l/h,19.499035189010332,g/s,15.062944591976207,kg/h,,,,,,,,,,,,,,,,,,,,,,,,,,,,,,,,,,,,,,,,,,,,,,,,,,,,,,,secondary,,,,,,,,,,,,70,,,,,,,,,,,,,,,,,,,,,,,,,,,,,,,,,,,,,,,,,,,,,
57e03350e4b0f05fc1fe03de,13.030113171483283,57cc950ce4b0f05fc1ccc615,2009,1242,gasoline,Ford,Fiesta,44,51.13030100504509,6.316334874199565,2016-09-19T18:35:56Z,night,0,"Am Alten Schlagbaum, Beeck, Wegberg, Kreis Heinsberg, Regierungsbezirk Köln, Nordrhein-Westfalen, 41844, Deutschland",146466931,22.47865855693817,%,66.06785186380148,km/h,,,1916.5850606411695,u/min,,,,,,,,,,,,,15.999999761581421,c,77.19582882523537,kPa,1.3175769209861756,precision,65.14901580452442,km/h,1.6175769120454788,precision,0.8999999731779098,precision,102.67555001832125,deg,119.72628820108568,m,8.000000238418579,%,67.77371427603293,%,5.154864789339628,l/h,15.681528261236927,g/s,12.113932254948127,kg/h,,,,,,,,,,,,,,,,,,,,,,,,,,,,,,,,,,,,,,,,,,,,,,,,,,,,,,,secondary,,,,,,,,,,,,70,,,,,,,,,,,,,,,,,,,,,,,,,,,,,,,,,,,,,,,,,,,,,
57e03350e4b0f05fc1fe03de,13.030113171483283,57cc950ce4b0f05fc1ccc615,2009,1242,gasoline,Ford,Fiesta,45,51.130073062683024,6.317618035931878,2016-09-19T18:36:01Z,night,0,"Am Alten Schlagbaum, Beeck, Wegberg, Kreis Heinsberg, Regierungsbezirk Köln, Nordrhein-Westfalen, 41844, Deutschland",146466931,23.000000342726707,%,69.0,km/h,,,2004.7442457079887,u/min,,,,,,,,,,,,,16.000000458210707,c,79.99999761581421,kPa,1.1402571380138398,precision,68.25542470793516,km/h,1.440257129073143,precision,0.8597428023815156,precision,105.14054297508847,deg,120.6680447743411,m,8.000000238418579,%,72.02957675555103,%,5.58784426765343,l/h,16.998687915890706,g/s,13.131434028985561,kg/h,,,,,,,,,,,,,,,,,,,,,,,,,,,,,,,,,,,,,,,,,,,,,,,,,,,,,,,secondary,,,,,,,,,,,,70,,,,,,,,,,,,,,,,,,,,,,,,,,,,,,,,,,,,,,,,,,,,,
57e03350e4b0f05fc1fe03de,13.030113171483283,57cc950ce4b0f05fc1ccc615,2009,1242,gasoline,Ford,Fiesta,46,51.12982222948706,6.318944746806117,2016-09-19T18:36:06Z,night,0,"Am Alten Schlagbaum, Beeck, Wegberg, Kreis Heinsberg, Regierungsbezirk Köln, Nordrhein-Westfalen, 41844, Deutschland",146466931,20.99999960884452,%,70.39344263076782,km/h,,,2047.4983389377594,u/min,,,,,,,,,,,,,16.00000023841858,c,65.28217822313309,kPa,1.1000000327825548,precision,69.81223031280297,km/h,1.4000000417232512,precision,0.9000000268220902,precision,107.07157249512511,deg,121.47136800323787,m,8.0,%,59.607841935812246,%,4.657078296120291,l/h,14.167220266655935,g/s,10.944133995882686,kg/h,,,,,,,,,,,,,,,,,,,,,,,,,,,,,,,,,,,,,,,,,,,,,,,,,,,,,,,secondary,,,,,,,,,,,,70,,,,,,,,,,,,,,,,,,,,,,,,,,,,,,,,,,,,,,,,,,,,,
57e03350e4b0f05fc1fe03de,13.030113171483283,57cc950ce4b0f05fc1ccc615,2009,1242,gasoline,Ford,Fiesta,47,51.129533681012845,6.320325454164989,2016-09-19T18:36:11Z,night,0,"Am Alten Schlagbaum, Beeck, Wegberg, Kreis Heinsberg, Regierungsbezirk Köln, Nordrhein-Westfalen, 41844, Deutschland",146466931,18.6276768296957,%,73.00000217556953,km/h,,,2127.7707641124725,u/min,,,,,,,,,,,,,16.000000476837158,c,46.429284512996674,kPa,1.2,precision,72.83479484164309,km/h,1.5,precision,0.9,precision,108.43951787598598,deg,123.81420329569005,m,8.0,%,42.03575463745109,%,3.442010356255215,l/h,10.470882337924717,g/s,8.088724337199755,kg/h,,,,,,,,,,,,,,,,,,,,,,,,,,,,,,,,,,,,,,,,,,,,,,,,,,,,,,,secondary,,,,,,,,,,,,70,,,,,,,,,,,,,,,,,,,,,,,,,,,,,,,,,,,,,,,,,,,,,
57e03350e4b0f05fc1fe03de,13.030113171483283,57cc950ce4b0f05fc1ccc615,2009,1242,gasoline,Ford,Fiesta,48,51.12924052204155,6.321674530021366,2016-09-19T18:36:16Z,night,0,"Am Alten Schlagbaum, Beeck, Wegberg, Kreis Heinsberg, Regierungsbezirk Köln, Nordrhein-Westfalen, 41844, Deutschland",208033984,23.0,%,74.70937722921371,km/h,,,2163.1378989219666,u/min,,,,,,,,,,,,,16.0,c,71.96950106695294,kPa,1.200000035762787,precision,73.57472628874166,km/h,1.5000000447034836,precision,0.9000000268220902,precision,106.2400579757541,deg,124.75837833420437,m,8.10420835018158,%,64.05861200517916,%,5.424104440719968,l/h,16.500577717373538,g/s,12.746645435691924,kg/h,,,,,,,,,,,,,,,,,,,,,,,,,,,,,,,,,,,,,,,,,,,,,,,,,,,,,,,secondary,,,,,,,,,,,,70,,,,,,,,,,,,,,,,,,,,,,,,,,,,,,,,,,,,,,,,,,,,,
57e03350e4b0f05fc1fe03de,13.030113171483283,57cc950ce4b0f05fc1ccc615,2009,1242,gasoline,Ford,Fiesta,49,51.12895828721537,6.323091917073363,2016-09-19T18:36:21Z,night,0,"Am Alten Schlagbaum, Beeck, Wegberg, Kreis Heinsberg, Regierungsbezirk Köln, Nordrhein-Westfalen, 41844, Deutschland",208033985,22.0,%,76.0,km/h,,,2215.976384371519,u/min,,,,,,,,,,,,,16.0,c,64.8462809920311,kPa,1.1999999642372132,precision,75.80678467560574,km/h,1.436534610390663,precision,0.8365346282720566,precision,105.86495930068259,deg,125.83285443483058,m,6.0,%,57.004645757753906,%,5.006630567921389,l/h,15.230587406830859,g/s,11.765581834615265,kg/h,,,,,,,,,,,,,,,,,,,,,,,,,,,,,,,,,,,,,,,,,,,,,,,,,,,,,,,secondary,,,,,,,,,,,,70,,,,,,,,,,,,,,,,,,,,,,,,,,,,,,,,,,,,,,,,,,,,,
57e03350e4b0f05fc1fe03de,13.030113171483283,57cc950ce4b0f05fc1ccc615,2009,1242,gasoline,Ford,Fiesta,50,51.12869522854196,6.324518889995529,2016-09-19T18:36:26Z,night,0,"Am Alten Schlagbaum, Beeck, Wegberg, Kreis Heinsberg, Regierungsbezirk Köln, Nordrhein-Westfalen, 41844, Deutschland",208033985,21.999999344348907,%,76.99999885261059,km/h,,,2233.9331459850073,u/min,,,,,,,,,,,,,16.0,c,65.00000096857548,kPa,1.0605825245380402,precision,76.06615339175505,km/h,1.3,precision,0.8394174754619599,precision,106.08506432047716,deg,124.91181795408087,m,7.286685883998871,%,56.86274168304374,%,5.059165423233429,l/h,15.390402814594694,g/s,11.889038744598558,kg/h,,,,,,,,,,,,,,,,,,,,,,,,,,,,,,,,,,,,,,,,,,,,,,,,,,,,,,,secondary,,,,,,,,,,,,70,,,,,,,,,,,,,,,,,,,,,,,,,,,,,,,,,,,,,,,,,,,,,
57e03350e4b0f05fc1fe03de,13.030113171483283,57cc950ce4b0f05fc1ccc615,2009,1242,gasoline,Ford,Fiesta,51,51.12844601046707,6.325964466167228,2016-09-19T18:36:31Z,night,0,"Am Alten Schlagbaum, Beeck, Wegberg, Kreis Heinsberg, Regierungsbezirk Köln, Nordrhein-Westfalen, 41844, Deutschland",200237366,20.0,%,74.99999888241291,km/h,,,2179.7818019390106,u/min,,,,,,,,,,,,,16.0,c,53.99999839067459,kPa,1.0704477310180665,precision,74.63705502778339,km/h,1.3352238416671753,precision,0.8647760927677155,precision,105.78191169447928,deg,125.25552958690308,m,6.000000178813934,%,46.666669329007505,%,4.10111657492142,l/h,12.475938380625536,g/s,9.637623951065338,kg/h,,,,,,,,,,,,,,,,,,,,,,,,,,,,,,,,,,,,,,,,,,,,,,,,,,,,,,,secondary,,,,,,,,,,,,70,,,,,,,,,,,,,,,,,,,,,,,,,,,,,,,,,,,,,,,,,,,,,
57e03350e4b0f05fc1fe03de,13.030113171483283,57cc950ce4b0f05fc1ccc615,2009,1242,gasoline,Ford,Fiesta,52,51.12820221227649,6.327378639389467,2016-09-19T18:36:36Z,night,0,"Am Alten Schlagbaum, Beeck, Wegberg, Kreis Heinsberg, Regierungsbezirk Köln, Nordrhein-Westfalen, 41844, Deutschland",200237366,19.999999403953552,%,74.0000006891787,km/h,,,2162.6874564886093,u/min,,,,,,,,,,,,,16.0,c,53.99829804897308,kPa,1.1655622482299806,precision,73.99198886802287,km/h,1.4655622482299804,precision,0.9,precision,105.52061786237755,deg,124.95635847986279,m,12.769999861717224,%,47.83847712846614,%,4.068826562023636,l/h,12.377709470556068,g/s,9.561742420755545,kg/h,,,,,,,,,,,,,,,,,,,,,,,,,,,,,,,,,,,,,,,,,,,,,,,,,,,,,,,secondary,,,,,,,,,,,,70,,,,,,,,,,,,,,,,,,,,,,,,,,,,,,,,,,,,,,,,,,,,,
57e03350e4b0f05fc1fe03de,13.030113171483283,57cc950ce4b0f05fc1ccc615,2009,1242,gasoline,Ford,Fiesta,53,51.12795760458695,6.328787420603203,2016-09-19T18:36:41Z,night,0,"Am Alten Schlagbaum, Beeck, Wegberg, Kreis Heinsberg, Regierungsbezirk Köln, Nordrhein-Westfalen, 41844, Deutschland",200237365,19.151960790157318,%,73.82211318612099,km/h,,,2134.504001379013,u/min,,,,,,,,,,,,,15.999999672174454,c,48.91843390464783,kPa,1.06636723279953,precision,73.10013426468345,km/h,1.3663672238588334,precision,0.8999999731779098,precision,105.84585442449838,deg,124.45415312876075,m,4.642147243022919,%,43.02191642906428,%,3.638018168449666,l/h,11.067154436604586,g/s,8.549342695856716,kg/h,,,,,,,,,,,,,,,,,,,,,,,,,,,,,,,,,,,,,,,,,,,,,,,,,,,,,,,secondary,,,,,,,,,,,,70,,,,,,,,,,,,,,,,,,,,,,,,,,,,,,,,,,,,,,,,,,,,,
57e03350e4b0f05fc1fe03de,13.030113171483283,57cc950ce4b0f05fc1ccc615,2009,1242,gasoline,Ford,Fiesta,54,51.12772452636901,6.3301632441354485,2016-09-19T18:36:46Z,night,0,"Am Alten Schlagbaum, Beeck, Wegberg, Kreis Heinsberg, Regierungsbezirk Köln, Nordrhein-Westfalen, 41844, Deutschland",200237365,17.065878123044968,%,70.0,km/h,,,2036.054336965084,u/min,,,,,,,,,,,,,15.99999988079071,c,39.43215969204903,kPa,1.200000035762787,precision,69.14398365250963,km/h,1.4683249175548554,precision,0.868324899673462,precision,104.23971912496381,deg,124.29518495463635,m,10.085999965667725,%,33.31875997620659,%,2.797275702983897,l/h,8.509545794785597,g/s,6.573597902012158,kg/h,,,,,,,,,,,,,,,,,,,,,,,,,,,,,,,,,,,,,,,,,,,,,,,,,,,,,,,secondary,,,,,,,,,,,,70,,,,,,,,,,,,,,,,,,,,,,,,,,,,,,,,,,,,,,,,,,,,,
57e03350e4b0f05fc1fe03de,13.030113171483283,57cc950ce4b0f05fc1ccc615,2009,1242,gasoline,Ford,Fiesta,55,51.12750450173853,6.331487700181416,2016-09-19T18:36:51Z,night,0,"Am Alten Schlagbaum, Beeck, Wegberg, Kreis Heinsberg, Regierungsbezirk Köln, Nordrhein-Westfalen, 41844, Deutschland",200237365,19.894904009997845,%,68.99999897181988,km/h,,,2009.401263833046,u/min,,,,,,,,,,,,,17.00000037997961,c,55.0,kPa,1.1999999642372132,precision,68.77539745196646,km/h,1.3999999582767486,precision,0.8633633375167847,precision,106.22582499075361,deg,125.71568596584046,m,8.0,%,49.01960754394531,%,3.8372962274985096,l/h,11.67337489873609,g/s,9.017646134621497,kg/h,,,,,,,,,,,,,,,,,,,,,,,,,,,,,,,,,,,,,,,,,,,,,,,,,,,,,,,secondary,,,,,,,,,,,,70,,,,,,,,,,,,,,,,,,,,,,,,,,,,,,,,,,,,,,,,,,,,,
57e03350e4b0f05fc1fe03de,13.030113171483283,57cc950ce4b0f05fc1ccc615,2009,1242,gasoline,Ford,Fiesta,56,51.127239448077574,6.332803076205036,2016-09-19T18:36:56Z,night,0,"Am Alten Schlagbaum, Beeck, Wegberg, Kreis Heinsberg, Regierungsbezirk Köln, Nordrhein-Westfalen, 41844, Deutschland",200237365,19.733777046203613,%,68.06343855708838,km/h,,,1984.0,u/min,,,,,,,,,,,,,17.00000050663948,c,55.39933443069458,kPa,1.135882353782654,precision,68.07606486866143,km/h,1.5076470613479613,precision,0.9076470613479615,precision,107.83050192490509,deg,127.23886508967888,m,8.0,%,49.85581458591764,%,3.8162971313313596,l/h,11.60949389827094,g/s,8.968298258628696,kg/h,,,,,,,,,,,,,,,,,,,,,,,,,,,,,,,,,,,,,,,,,,,,,,,,,,,,,,,secondary,,,,,,,,,,,,70,,,,,,,,,,,,,,,,,,,,,,,,,,,,,,,,,,,,,,,,,,,,,
57e03350e4b0f05fc1fe03de,13.030113171483283,57cc950ce4b0f05fc1ccc615,2009,1242,gasoline,Ford,Fiesta,57,51.12699632733586,6.334046291032983,2016-09-19T18:37:01Z,night,0,"Am Alten Schlagbaum, Beeck, Wegberg, Kreis Heinsberg, Regierungsbezirk Köln, Nordrhein-Westfalen, 41844, Deutschland",200237365,12.999999903142452,%,63.689768970012665,km/h,,,1847.8415842056274,u/min,,,,,,,,,,,,,16.143328085541725,c,22.27302697300911,kPa,1.2553813636302946,precision,62.79965402798325,km/h,1.6553813517093658,precision,1.063845318555832,precision,105.33067945656103,deg,127.8898770693481,m,8.000000238418579,%,16.711816847570418,%,1.433257104538782,l/h,4.36008755009902,g/s,3.368154195666138,kg/h,,,,,,,,,,,,,,,,,,,,,,,,,,,,,,,,,,,,,,,,,,,,,,,,,,,,,,,secondary,,,,,,,,,,,,70,,,,,,,,,,,,,,,,,,,,,,,,,,,,,,,,,,,,,,,,,,,,,
57e03350e4b0f05fc1fe03de,13.030113171483283,57cc950ce4b0f05fc1ccc615,2009,1242,gasoline,Ford,Fiesta,58,51.12687983598893,6.335284971414739,2016-09-19T18:37:06Z,night,0,"Am Alten Schlagbaum, Beeck, Wegberg, Kreis Heinsberg, Regierungsbezirk Köln, Nordrhein-Westfalen, 41844, Deutschland",200237365,13.000000169500709,%,61.669826209545135,km/h,,,1787.794072151184,u/min,,,,,,,,,,,,,16.99999949336052,c,23.30926215648651,kPa,1.5343968570232391,precision,61.455300221304014,km/h,1.9343968689441682,precision,1.200000035762787,precision,96.27408522040378,deg,126.4745355524918,m,7.999999761581421,%,16.719694706401043,%,1.4469115610741445,l/h,4.401625544750971,g/s,3.40024216852424,kg/h,,,,,,,,,,,,,,,,,,,,,,,,,,,,,,,,,,,,,,,,,,,,,,,,,,,,,,,secondary,,,,,,,,,,,,70,,,,,,,,,,,,,,,,,,,,,,,,,,,,,,,,,,,,,,,,,,,,,
57e03350e4b0f05fc1fe03de,13.030113171483283,57cc950ce4b0f05fc1ccc615,2009,1242,gasoline,Ford,Fiesta,59,51.126837748544425,6.336252784527478,2016-09-19T18:37:11Z,night,0,"Am Alten Schlagbaum, Beeck, Wegberg, Kreis Heinsberg, Regierungsbezirk Köln, Nordrhein-Westfalen, 41844, Deutschland",146466934,12.10638315975666,%,32.77324736118317,km/h,,,1849.86302536726,u/min,,,,,,,,,,,,,18.0,c,19.221137642860413,kPa,1.5,precision,33.345383961056996,km/h,2.0,precision,1.3654081642627716,precision,95.20440465265528,deg,125.32083345459816,m,8.0,%,13.824166333793773,%,1.2303265832447807,l/h,3.7427559934458934,g/s,2.891267470625235,kg/h,,,,,,,,,,,,,,,,,,,,,,,,,,,,,,,,,,,,,,,,,,,,,,,,,,,,,,,secondary,,,,,,,,,,,,70,,,,,,yes,,,,,,,,,,,,,,,,,,,,,,,,,,,,,,,,,,,,,,,
57e03350e4b0f05fc1fe03de,13.030113171483283,57cc950ce4b0f05fc1ccc615,2009,1242,gasoline,Ford,Fiesta,60,51.12709109372892,6.336621141717684,2016-09-19T18:37:16Z,night,0,"B 57, Beeck, Wegberg, Kreis Heinsberg, Regierungsbezirk Köln, Nordrhein-Westfalen, 41844, Deutschland",146466929,86.0,%,36.51917043328285,km/h,,,1811.3686720728874,u/min,,,,,,,,,,,,,18.0,c,100.00000149011612,kPa,1.3737047910690308,precision,36.69948836591743,km/h,1.7368523955345154,precision,1.0,precision,12.47775496736034,deg,123.99888332644389,m,8.0,%,91.80723813404812,%,6.267705842996608,l/h,19.066883483215932,g/s,14.729108731042029,kg/h,,,,,,,,,,,,,,,,,,,,,,,,,,,,,,,,,,,,,,,,,,,,,,,,,,,,,,,primary,,,,,,,,,,,,,,,,,,,,,,,,,,,,,,,,,,,,,,,,,,,,,,,,,,,,,,,,,
57e03350e4b0f05fc1fe03de,13.030113171483283,57cc950ce4b0f05fc1ccc615,2009,1242,gasoline,Ford,Fiesta,61,51.12765197162325,6.336757289470341,2016-09-19T18:37:21Z,night,0,"Schriefersmühle, Mönchengladbach, Regierungsbezirk Düsseldorf, Nordrhein-Westfalen, 41179, Deutschland",146513932,86.0,%,53.64401215314865,km/h,,,1955.4309089034796,u/min,,,,,,,,,,,,,16.99999949336052,c,100.00000149011612,kPa,1.1,precision,52.606502495250425,km/h,1.4,precision,0.8681274890899658,precision,8.475653409343721,deg,123.28595073488509,m,7.999999761581421,%,93.7254867553711,%,6.78951027006337,l/h,20.654256034055273,g/s,15.95534913464892,kg/h,,,,,,,,,,,,,,,,,,,,,,,,,,,,,,,,,,,,,,,,,,,,,,,,,,,,,,,primary,,,,,,,,,,,,,,,,,,,,,,,,,,,,,,,,,,,,,,,,,,,,,,,,,,,,,,,,,
57e03350e4b0f05fc1fe03de,13.030113171483283,57cc950ce4b0f05fc1ccc615,2009,1242,gasoline,Ford,Fiesta,62,51.128416033223374,6.33693225230888,2016-09-19T18:37:26Z,night,0,"Schriefersmühle, Mönchengladbach, Regierungsbezirk Düsseldorf, Nordrhein-Westfalen, 41179, Deutschland",146513932,49.26797240972519,%,68.0,km/h,,,2537.090023934841,u/min,,,,,,,,,,,,,16.32414862513542,c,59.03328061103821,kPa,1.3115345627069472,precision,65.34734958018112,km/h,1.6115345537662504,precision,0.9705115050077439,precision,7.602514809221702,deg,122.96610722610717,m,8.000000238418579,%,67.55702022336322,%,5.21244580479652,l/h,15.856694508674744,g/s,12.249247641271822,kg/h,,,,,,,,,,,,,,,,,,,,,,,,,,,,,,,,,,,,,,,,,,,,,,,,,,,,,,,primary,,,,,,,,,,,,,,,,,,,,,,,,,,,,,,,,,,,,,,,,,,,,,,,,,,,,,,,,,
57e03350e4b0f05fc1fe03de,13.030113171483283,57cc950ce4b0f05fc1ccc615,2009,1242,gasoline,Ford,Fiesta,63,51.12929499372472,6.337124500981731,2016-09-19T18:37:31Z,night,0,"Schriefersmühle, Mönchengladbach, Regierungsbezirk Düsseldorf, Nordrhein-Westfalen, 41179, Deutschland",146513932,86.00000256299973,%,76.83149605989456,km/h,,,2231.2190518127754,u/min,,,,,,,,,,,,,16.0,c,100.00000298023224,kPa,1.1999999642372132,precision,74.90697017655475,km/h,1.6330019384622574,precision,1.0995029479265213,precision,8.159873940503871,deg,121.03708043678434,m,12.0,%,92.28389744052765,%,7.773875257488618,l/h,23.648776356218498,g/s,18.268606855098255,kg/h,,,,,,,,,,,,,,,,,,,,,,,,,,,,,,,,,,,,,,,,,,,,,,,,,,,,,,,primary,,,,,,,,,,,,,,,,,,,,,,,,,,,,,,,,,,,,,,,,,,,,,,,,,,,,,,,,,
57e03350e4b0f05fc1fe03de,13.030113171483283,57cc950ce4b0f05fc1ccc615,2009,1242,gasoline,Ford,Fiesta,64,51.13027076776138,6.337308628635151,2016-09-19T18:37:36Z,night,0,"Schriefersmühle, Mönchengladbach, Regierungsbezirk Düsseldorf, Nordrhein-Westfalen, 41179, Deutschland",146513932,22.999999314546585,%,83.00000247359276,km/h,,,2410.4685631096363,u/min,,,,,,,,,,,,,15.999999523162842,c,68.99999871477485,kPa,1.0999999672174454,precision,81.87034096077036,km/h,1.4999999552965164,precision,0.9350753486156463,precision,7.7869410892097335,deg,120.56638294575149,m,7.999999761581421,%,57.64705953527897,%,5.794899389474928,l/h,17.628566851065187,g/s,13.61801356526608,kg/h,,,,,,,,,,,,,,,,,,,,,,,,,,,,,,,,,,,,,,,,,,,,,,,,,,,,,,,primary,,,,,,,,,,,,,,,,,,,,,,,,,,,,,,,,,,,,,,,,,,,,,,,,,,,,,,,,,
57e03350e4b0f05fc1fe03de,13.030113171483283,57cc950ce4b0f05fc1ccc615,2009,1242,gasoline,Ford,Fiesta,65,51.13129385454128,6.3375217463575515,2016-09-19T18:37:41Z,night,0,"Schriefersmühle, Mönchengladbach, Regierungsbezirk Düsseldorf, Nordrhein-Westfalen, 41179, Deutschland",146513932,19.947457015514374,%,85.0,km/h,,,2449.07239061594,u/min,,,,,,,,,,,,,17.00000050663948,c,50.846153888851404,kPa,1.0358309328556061,precision,83.04149963815007,km/h,1.435830932855606,precision,0.9641690671443939,precision,7.176495994800348,deg,120.80635167874948,m,8.0,%,42.106004800206506,%,4.323701424026989,l/h,13.153060040342105,g/s,10.160698346463425,kg/h,,,,,,,,,,,,,,,,,,,,,,,,,,,,,,,,,,,,,,,,,,,,,,,,,,,,,,,primary,,,,,,,,,,,,,,,,,,,,,,,,,,,,,,,,,,,,,,,,,,,,,,,,,,,,,,,,,
57e03350e4b0f05fc1fe03de,13.030113171483283,57cc950ce4b0f05fc1ccc615,2009,1242,gasoline,Ford,Fiesta,66,51.13227891931298,6.337719135282983,2016-09-19T18:37:46Z,night,0,"Schriefersmühle, Mönchengladbach, Regierungsbezirk Düsseldorf, Nordrhein-Westfalen, 41179, Deutschland",146513932,13.0,%,76.10147469490767,km/h,,,2213.8325368240476,u/min,,,,,,,,,,,,,17.723301500082016,c,18.999999716877937,kPa,1.1000000327825548,precision,74.97943165800575,km/h,1.4000000417232512,precision,0.9360784590244293,precision,7.154775719592479,deg,121.56759446235424,m,11.999999642372131,%,13.725490979119854,%,1.4568439734811582,l/h,4.43184077099414,g/s,3.423583337680722,kg/h,,,,,,,,,,,,,,,,,,,,,,,,,,,,,,,,,,,,,,,,,,,,,,,,,,,,,,,primary,,,,,,,,,,,,,,,,,,,,,,,,,,,,,,,,,,,,,,,,,,,,,,,,,,,,,,,,,
57e03350e4b0f05fc1fe03de,13.030113171483283,57cc950ce4b0f05fc1ccc615,2009,1242,gasoline,Ford,Fiesta,67,51.133183861215926,6.337910414037221,2016-09-19T18:37:51Z,night,0,"Schriefersmühle, Mönchengladbach, Regierungsbezirk Düsseldorf, Nordrhein-Westfalen, 41179, Deutschland",146513932,13.000000387430191,%,68.1046708971262,km/h,,,1969.9650647975504,u/min,,,,,,,,,,,,,18.0,c,21.00000062584877,kPa,1.066096580028534,precision,68.0012698167161,km/h,1.466096580028534,precision,0.9339034199714661,precision,8.244325210652548,deg,121.08427554995114,m,7.999999761581421,%,15.449562039107121,%,1.431461194792272,l/h,4.354624242990991,g/s,3.363933807761839,kg/h,,,,,,,,,,,,,,,,,,,,,,,,,,,,,,,,,,,,,,,,,,,,,,,,,,,,,,,primary,,,,,,,,,,,,,,,,,,,,,,,,,,,,,,,,,,,,,,,,,,,,,,,,,,,,,,,,,
57e03350e4b0f05fc1fe03de,13.030113171483283,57cc950ce4b0f05fc1ccc615,2009,1242,gasoline,Ford,Fiesta,68,51.13397178536708,6.33813339900824,2016-09-19T18:37:56Z,night,0,"Schriefersmühle, Mönchengladbach, Regierungsbezirk Düsseldorf, Nordrhein-Westfalen, 41179, Deutschland",146513932,18.45742905139923,%,61.99999815225601,km/h,,,1808.0366195179522,u/min,,,,,,,,,,,,,19.0,c,49.93874102830887,kPa,1.2379468381404877,precision,61.745445872945766,km/h,1.5758936762809754,precision,0.9758936762809755,precision,13.052902647964231,deg,119.03561845127174,m,9.474671959877014,%,43.03065638325836,%,3.11356160222006,l/h,9.471713857420273,g/s,7.316869765217141,kg/h,,,,,,,,,,,,,,,,,,,,,,,,,,,,,,,,,,,,,,,,,,,,,,,,,,,,,,,primary,,,,,,,,,,,,,,,,,,,,,,,,,,,,,,,,,,,,,,,,,,,,,,,,,,,,,,,,,
57e03350e4b0f05fc1fe03de,13.030113171483283,57cc950ce4b0f05fc1ccc615,2009,1242,gasoline,Ford,Fiesta,69,51.13471104363748,6.338569187394173,2016-09-19T18:38:01Z,night,0,"Schriefersmühle, Mönchengladbach, Regierungsbezirk Düsseldorf, Nordrhein-Westfalen, 41179, Deutschland",146513932,19.0,%,63.0,km/h,,,1814.9999864771962,u/min,,,,,,,,,,,,,18.0000002682209,c,57.000001698732376,kPa,1.2654712736606597,precision,61.62740303267765,km/h,1.5654712647199631,precision,0.8999999731779099,precision,23.23930816470704,deg,119.0675315413734,m,8.000000238418579,%,49.63262072583416,%,3.579754481891077,l/h,10.889911446786147,g/s,8.412423032444032,kg/h,,,,,,,,,,,,,,,,,,,,,,,,,,,,,,,,,,,,,,,,,,,,,,,,,,,,,,,primary,,,,,,,,,,,,,,,,,,,,,,,,,,,,,,,,,,,,,,,,,,,,,,,,,,,,,,,,,
57e03350e4b0f05fc1fe03de,13.030113171483283,57cc950ce4b0f05fc1ccc615,2009,1242,gasoline,Ford,Fiesta,70,51.13537297709099,6.339246047633951,2016-09-19T18:38:06Z,night,0,"Schriefersmühle, Mönchengladbach, Regierungsbezirk Düsseldorf, Nordrhein-Westfalen, 41179, Deutschland",146513932,19.0,%,63.00000140815973,km/h,,,1826.309482999146,u/min,,,,,,,,,,,,,18.0000002682209,c,57.9999982714653,kPa,1.4957958430051803,precision,63.09009158614981,km/h,1.73053058385849,precision,0.865265291929245,precision,35.473194961058425,deg,118.71715535099423,m,9.272910356521606,%,51.59548926640207,%,3.66525421231229,l/h,11.15000875170501,g/s,8.613347398933882,kg/h,,,,,,,,,,,,,,,,,,,,,,,,,,,,,,,,,,,,,,,,,,,,,,,,,,,,,,,primary,,,,,,,,,,,,,,,,,,,,,,,,,,,,,,,,,,,,,,,,,,,,,,,,,,,,,,,,,
57e03350e4b0f05fc1fe03de,13.030113171483283,57cc950ce4b0f05fc1ccc615,2009,1242,gasoline,Ford,Fiesta,71,51.135962010750895,6.340147501739793,2016-09-19T18:38:11Z,night,0,"Schriefersmühle, Mönchengladbach, Regierungsbezirk Düsseldorf, Nordrhein-Westfalen, 41179, Deutschland",146513932,20.000000596046448,%,65.21372854709625,km/h,,,1902.4936933219433,u/min,,,,,,,,,,,,,18.000000201165676,c,60.46551904082298,kPa,1.5999999523162844,precision,64.31193748277883,km/h,1.8669678151607512,precision,0.9669678419828416,precision,45.18226633557629,deg,119.3303128376289,m,7.999999761581421,%,54.90196391647942,%,3.98045536102677,l/h,12.108876912856852,g/s,9.35407009841291,kg/h,,,,,,,,,,,,,,,,,,,,,,,,,,,,,,,,,,,,,,,,,,,,,,,,,,,,,,,primary,,,,,,,,,,,,,,,,,,,,,,,,,,,,,,,,,,,,,,,,,,,,,,,,,,,,,,,,,
57e03350e4b0f05fc1fe03de,13.030113171483283,57cc950ce4b0f05fc1ccc615,2009,1242,gasoline,Ford,Fiesta,72,51.13652477641074,6.341169648557269,2016-09-19T18:38:16Z,night,0,"Schriefersmühle, Mönchengladbach, Regierungsbezirk Düsseldorf, Nordrhein-Westfalen, 41179, Deutschland",146513932,21.028081201016903,%,69.00000205636024,km/h,,,2002.1433719694614,u/min,,,,,,,,,,,,,18.0,c,71.36990386247635,kPa,1.300000038743019,precision,68.35419901187902,km/h,1.600000047683716,precision,0.9000000268220902,precision,47.93683496639824,deg,122.01358888721596,m,13.664646863937378,%,64.22382648277267,%,4.944382181509658,l/h,15.04122262800084,g/s,11.619298126547697,kg/h,,,,,,,,,,,,,,,,,,,,,,,,,,,,,,,,,,,,,,,,,,,,,,,,,,,,,,,primary,,,,,,,,,,,,,,,,,,,,,,,,,,,,,,,,,,,,,,,,,,,,,,,,,,,,,,,,,
57e03350e4b0f05fc1fe03de,13.030113171483283,57cc950ce4b0f05fc1ccc615,2009,1242,gasoline,Ford,Fiesta,73,51.137100658580636,6.34216722293815,2016-09-19T18:38:21Z,night,0,"Schriefersmühle, Mönchengladbach, Regierungsbezirk Düsseldorf, Nordrhein-Westfalen, 41179, Deutschland",146513932,20.000000074505806,%,71.00000211596489,km/h,,,2059.999938607216,u/min,,,,,,,,,,,,,18.000000536441803,c,55.999998331069946,kPa,1.6,precision,71.22838858641353,km/h,1.9,precision,0.9000000000000001,precision,45.53233837290816,deg,120.56773204575023,m,7.999999761581421,%,49.754581018424915,%,3.991691487175767,l/h,12.143058144945948,g/s,9.380474994863054,kg/h,,,,,,,,,,,,,,,,,,,,,,,,,,,,,,,,,,,,,,,,,,,,,,,,,,,,,,,primary,,,,,,,,,,,,,,,,,,,,,,,,,,,,,,,,,,,,,,,,,,,,,,,,,,,,,,,,,
57e03350e4b0f05fc1fe03de,13.030113171483283,57cc950ce4b0f05fc1ccc615,2009,1242,gasoline,Ford,Fiesta,74,51.13772520835108,6.3431296948848725,2016-09-19T18:38:26Z,night,0,"Schriefersmühle, Mönchengladbach, Regierungsbezirk Düsseldorf, Nordrhein-Westfalen, 41179, Deutschland",146513932,20.0,%,70.99999788403511,km/h,,,2068.999938338995,u/min,,,,,,,,,,,,,17.99999951175414,c,56.0,kPa,1.300000038743019,precision,71.35400866871328,km/h,1.6000000476837157,precision,0.9000000268220902,precision,41.659395174966335,deg,120.6675750661764,m,7.999999761581421,%,49.5410075261658,%,4.0091310495945836,l/h,12.196110747120855,g/s,9.42145796654727,kg/h,,,,,,,,,,,,,,,,,,,,,,,,,,,,,,,,,,,,,,,,,,,,,,,,,,,,,,,primary,,,,,,,,,,,,,,,,,,,,,,,,,,,,,,,,,,,,,,,,,,,,,,,,,,,,,,,,,
57e03350e4b0f05fc1fe03de,13.030113171483283,57cc950ce4b0f05fc1ccc615,2009,1242,gasoline,Ford,Fiesta,75,51.13835105207588,6.344033072646262,2016-09-19T18:38:31Z,night,0,"Schriefersmühle, Mönchengladbach, Regierungsbezirk Düsseldorf, Nordrhein-Westfalen, 41179, Deutschland",146513932,13.000000266358256,%,63.64181524515152,km/h,,,1841.2403143644333,u/min,,,,,,,,,,,,,18.0,c,22.68344223499298,kPa,1.4642000436782836,precision,63.312846505366906,km/h,1.7321000516414644,precision,0.9679000288248063,precision,40.70573239349142,deg,122.32467200151092,m,8.0,%,16.47058868408203,%,1.4451774696595414,l/h,4.39635029416013,g/s,3.3961670536999224,kg/h,,,,,,,,,,,,,,,,,,,,,,,,,,,,,,,,,,,,,,,,,,,,,,,,,,,,,,,primary,,,,,,,,,,,,,,,,,,,,,,,,,,,,,,,,,,,,,,,,,,,,,,,,,,,,,,,,,
57e03350e4b0f05fc1fe03de,13.030113171483283,57cc950ce4b0f05fc1ccc615,2009,1242,gasoline,Ford,Fiesta,76,51.13890486024589,6.344734679404663,2016-09-19T18:38:36Z,night,0,"Schriefersmühle, Mönchengladbach, Regierungsbezirk Düsseldorf, Nordrhein-Westfalen, 41179, Deutschland",146513932,13.000000145286322,%,54.731466233730316,km/h,,,1595.9753288030624,u/min,,,,,,,,,,,,,19.10708373785019,c,22.999999314546585,kPa,1.5914634108543395,precision,54.73842236226142,km/h,1.8552845478057862,precision,1.027642273902893,precision,35.43694085786569,deg,120.77921608465667,m,8.0,%,16.470588193220237,%,1.2653407418998421,l/h,3.849271981921145,g/s,2.9735507434646293,kg/h,,,,,,,,,,,,,,,,,,,,,,,,,,,,,,,,,,,,,,,,,,,,,,,,,,,,,,,primary,,,,,,,,,,,,,,,,,,,,,,,,,,,,,,,,,,,,,,,,,,,,,,,,,,,,,,,,,
57e03350e4b0f05fc1fe03de,13.030113171483283,57cc950ce4b0f05fc1ccc615,2009,1242,gasoline,Ford,Fiesta,77,51.13945549217949,6.345251413114065,2016-09-19T18:38:41Z,night,0,"B 57, Schriefers, Mönchengladbach, Regierungsbezirk Düsseldorf, Nordrhein-Westfalen, 41179, Deutschland",146513942,27.496643871068954,%,53.00000157952309,km/h,,,1527.9510147571564,u/min,,,,,,,,,,,,,20.99999937415123,c,81.98534226417542,kPa,1.4,precision,52.408367397513985,km/h,1.7,precision,0.9,precision,28.147726607474738,deg,120.11329106805748,m,10.768620014190674,%,81.68856076041493,%,4.29037580757939,l/h,13.0516807379738,g/s,10.082383147811568,kg/h,,,,,,,,,,,,,,,,,,,,,,,,,,,,,,,,,,,,,,,,,,,,,,,,,,,,,,,primary,,,,,,,,,,,,,,,,,,,,,,,,,,,,,,,,,,,,,,,,,,,,,,,,,,,,,,,,,
57e03350e4b0f05fc1fe03de,13.030113171483283,57cc950ce4b0f05fc1ccc615,2009,1242,gasoline,Ford,Fiesta,78,51.1400696044007,6.345634144220896,2016-09-19T18:38:46Z,night,0,"B 57, Schriefers, Mönchengladbach, Regierungsbezirk Düsseldorf, Nordrhein-Westfalen, 41179, Deutschland",146513943,19.088815361261368,%,52.0,km/h,,,1508.2477086782455,u/min,,,,,,,,,,,,,20.000000596046448,c,64.14906632900238,kPa,1.4000000417232512,precision,51.5026476153846,km/h,1.7000000506639479,precision,0.9000000268220902,precision,19.76750170331286,deg,120.36234781306504,m,9.215491533279419,%,56.19955622661655,%,3.3250000496664662,l/h,10.114927234422861,g/s,7.813750116716196,kg/h,,,,,,,,,,,,,,,,,,,,,,,,,,,,,,,,,,,,,,,,,,,,,,,,,,,,,,,primary,,,,,,,,,,,,,,,,,,,,,,,,,,,,,,,,,,,,,,,,,,,,,,,,,,,,,,,,,
57e03350e4b0f05fc1fe03de,13.030113171483283,57cc950ce4b0f05fc1ccc615,2009,1242,gasoline,Ford,Fiesta,79,51.14072673768745,6.3458626299719985,2016-09-19T18:38:51Z,night,0,"B 57, Hehn, Schriefers, Mönchengladbach, Regierungsbezirk Düsseldorf, Nordrhein-Westfalen, 41179, Deutschland",146513924,20.126829266548157,%,55.999998331069946,km/h,,,1627.0576437413692,u/min,,,,,,,,,,,,,18.999999433755875,c,68.12519317865372,kPa,1.3723447293043138,precision,55.22351958464242,km/h,1.6361723929643632,precision,0.9638276845216751,precision,11.688497841549832,deg,121.40998291814722,m,8.000000238418579,%,54.97737343009243,%,3.822287393517249,l/h,11.627716775028931,g/s,8.982375374765535,kg/h,,,,,,,,,,,,,,,,,,,,,,,,,,,,,,,,,,,,,,,,,,,,,,,,,,,,,,,primary,,,,,,,,,,,,70,,,,,,,,,,,,,,,,,,,,,,,,,,,,,,,,,,,,,,,,,,,,,
57e03350e4b0f05fc1fe03de,13.030113171483283,57cc950ce4b0f05fc1ccc615,2009,1242,gasoline,Ford,Fiesta,80,51.141456560502434,6.345942821899642,2016-09-19T18:38:56Z,night,0,"B 57, Hehn, Schriefers, Mönchengladbach, Regierungsbezirk Düsseldorf, Nordrhein-Westfalen, 41179, Deutschland",146513924,28.21385583281517,%,60.2063227891922,km/h,,,1755.0517531633377,u/min,,,,,,,,,,,,,19.999999701976776,c,93.5915492773056,kPa,1.169064748287201,precision,59.91669778483629,km/h,1.430935251712799,precision,0.830935251712799,precision,1.8964250572505534,deg,121.24879975005916,m,8.0,%,82.274744857923,%,5.644886413938779,l/h,17.172214878402926,g/s,13.265483072756131,kg/h,,,,,,,,,,,,,,,,,,,,,,,,,,,,,,,,,,,,,,,,,,,,,,,,,,,,,,,primary,,,,,,,,,,,,70,,,,,,,,,,,,,,,,,,,,,,,,,,,,,,,,,,,,,,,,,,,,,
57e03350e4b0f05fc1fe03de,13.030113171483283,57cc950ce4b0f05fc1ccc615,2009,1242,gasoline,Ford,Fiesta,81,51.14224527386274,6.345836969252989,2016-09-19T18:39:01Z,night,0,"B 57, Hehn, Schriefers, Mönchengladbach, Regierungsbezirk Düsseldorf, Nordrhein-Westfalen, 41179, Deutschland",146513924,29.49460729956627,%,70.24345041811466,km/h,,,2044.2195730507374,u/min,,,,,,,,,,,,,18.91795651614666,c,84.80214720964432,kPa,1.199999964237213,precision,68.01033640580886,km/h,1.5694415777921678,precision,1.069441592693329,precision,355.1956489297818,deg,119.96986435323976,m,8.000000238418579,%,74.58823812456694,%,5.979557143986914,l/h,18.190311128436857,g/s,14.051959288369249,kg/h,,,,,,,,,,,,,,,,,,,,,,,,,,,,,,,,,,,,,,,,,,,,,,,,,,,,,,,primary,,,,,,,,,,,,70,,,,,,,,,,,,,,,,,,,,,,,,,,,,,,,,,,,,,,,,,,,,,
57e03350e4b0f05fc1fe03de,13.030113171483283,57cc950ce4b0f05fc1ccc615,2009,1242,gasoline,Ford,Fiesta,82,51.14313234931931,6.345624017348644,2016-09-19T18:39:06Z,night,0,"B 57, Hehn, Schriefers, Mönchengladbach, Regierungsbezirk Düsseldorf, Nordrhein-Westfalen, 41179, Deutschland",146513924,22.893790677189827,%,77.99999767541885,km/h,,,2266.1004109680653,u/min,,,,,,,,,,,,,17.999999597668648,c,68.55095541477203,kPa,1.1335046589374542,precision,77.16588122494659,km/h,1.433504667878151,precision,0.9000000268220902,precision,352.1204178973421,deg,117.06656895120881,m,8.0,%,59.397323847107714,%,5.375197292899319,l/h,16.35179809810747,g/s,12.6317136383134,kg/h,,,,,,,,,,,,,,,,,,,,,,,,,,,,,,,,,,,,,,,,,,,,,,,,,,,,,,,primary,,,,,,,,,,,,70,,,,,,,,,,,,,,,,,,,,,,,,,,,,,,,,,,,,,,,,,,,,,
57e03350e4b0f05fc1fe03de,13.030113171483283,57cc950ce4b0f05fc1ccc615,2009,1242,gasoline,Ford,Fiesta,83,51.14413924507085,6.345371013185407,2016-09-19T18:39:11Z,night,0,"B 57, Hehn, Schriefers, Mönchengladbach, Regierungsbezirk Düsseldorf, Nordrhein-Westfalen, 41179, Deutschland",146513924,23.000000085681677,%,83.0,km/h,,,2407.444099366665,u/min,,,,,,,,,,,,,18.0000002682209,c,66.71786832809448,kPa,1.2,precision,82.09364319287079,km/h,1.5,precision,0.9,precision,351.51247817707736,deg,117.44701111647373,m,10.476953983306885,%,55.92599464693831,%,5.557764242598014,l/h,16.907181973003375,g/s,13.060745970105334,kg/h,,,,,,,,,,,,,,,,,,,,,,,,,,,,,,,,,,,,,,,,,,,,,,,,,,,,,,,primary,,,,,,,,,,,,70,,,,,,,,,,,,,,,,,,,,,,,,,,,,,,,,,,,,,,,,,,,,,
57e03350e4b0f05fc1fe03de,13.030113171483283,57cc950ce4b0f05fc1ccc615,2009,1242,gasoline,Ford,Fiesta,84,51.14518834362084,6.345141744989131,2016-09-19T18:39:16Z,night,0,"B 57, Hehn, Schriefers, Mönchengladbach, Regierungsbezirk Düsseldorf, Nordrhein-Westfalen, 41179, Deutschland",146513924,19.999999552965164,%,82.99999752640724,km/h,,,2414.7311475276947,u/min,,,,,,,,,,,,,17.9999997317791,c,47.86138755083084,kPa,1.1999999642372132,precision,82.37090975603678,km/h,1.4999999552965164,precision,0.8999999731779098,precision,352.1009799172316,deg,117.77925167183452,m,8.0,%,36.059146379213644,%,3.9990406317204674,l/h,12.16541485507964,g/s,9.3977454845431,kg/h,,,,,,,,,,,,,,,,,,,,,,,,,,,,,,,,,,,,,,,,,,,,,,,,,,,,,,,primary,,,,,,,,,,,,70,,,,,,,,,,,,,,,,,,,,,,,,,,,,,,,,,,,,,,,,,,,,,
57e03350e4b0f05fc1fe03de,13.030113171483283,57cc950ce4b0f05fc1ccc615,2009,1242,gasoline,Ford,Fiesta,85,51.14617614597681,6.34492173726751,2016-09-19T18:39:21Z,night,0,"B 57, Hehn, Schriefers, Mönchengladbach, Regierungsbezirk Düsseldorf, Nordrhein-Westfalen, 41179, Deutschland",146513924,19.05073671042919,%,80.99999758601189,km/h,,,2355.6065574884415,u/min,,,,,,,,,,,,,18.000000536441803,c,46.0,kPa,1.199999964237213,precision,80.8749120518205,km/h,1.4999999552965164,precision,0.8999999731779098,precision,352.6668661616932,deg,116.35113735279431,m,12.0,%,37.10377788156029,%,3.7494048140025105,l/h,11.406001894596804,g/s,8.8111013129059,kg/h,,,,,,,,,,,,,,,,,,,,,,,,,,,,,,,,,,,,,,,,,,,,,,,,,,,,,,,primary,,,,,,,,,,,,70,,,,,,,,,,,,,,,,,,,,,,,,,,,,,,,,,,,,,,,,,,,,,
57e03350e4b0f05fc1fe03de,13.030113171483283,57cc950ce4b0f05fc1ccc615,2009,1242,gasoline,Ford,Fiesta,86,51.14717140945722,6.344768633398132,2016-09-19T18:39:26Z,night,0,"B 57, Hehn, Schriefers, Mönchengladbach, Regierungsbezirk Düsseldorf, Nordrhein-Westfalen, 41179, Deutschland",146513924,20.090163899585605,%,79.6866666674614,km/h,,,2313.039275318384,u/min,,,,,,,,,,,,,19.0,c,61.57419514656067,kPa,1.336903601884842,precision,78.01012917178014,km/h,1.5738072037696837,precision,0.8369036018848419,precision,357.7454357377137,deg,117.87971885194926,m,13.11935806274414,%,50.30240309617943,%,4.9112766886043255,l/h,14.940512959791741,g/s,11.541500218220165,kg/h,,,,,,,,,,,,,,,,,,,,,,,,,,,,,,,,,,,,,,,,,,,,,,,,,,,,,,,primary,,,,,,,,,,,,70,,,,,,,,,,,,,,,,,,,,,,,,,,,,,,,,,,,,,,,,,,,,,
57e03350e4b0f05fc1fe03de,13.030113171483283,57cc950ce4b0f05fc1ccc615,2009,1242,gasoline,Ford,Fiesta,87,51.14814469128403,6.34486697448987,2016-09-19T18:39:31Z,night,0,"B 57, Hehn, Schriefers, Mönchengladbach, Regierungsbezirk Düsseldorf, Nordrhein-Westfalen, 41179, Deutschland",146513924,21.796264201402664,%,77.99999767541885,km/h,,,2269.14731746912,u/min,,,,,,,,,,,,,18.999999716877937,c,65.80127185583115,kPa,1.3,precision,77.22773197025435,km/h,1.6,precision,0.8999999999999999,precision,9.692119823918915,deg,120.07945006521555,m,8.0,%,58.82352785152548,%,5.148842787495409,l/h,15.663208829793323,g/s,12.099780550614211,kg/h,,,,,,,,,,,,,,,,,,,,,,,,,,,,,,,,,,,,,,,,,,,,,,,,,,,,,,,primary,,,,,,,,,,,,70,,,,,,,,,,,,,,,,,,,,,,,,,,,,,,,,,,,,,,,,,,,,,
57e03350e4b0f05fc1fe03de,13.030113171483283,57cc950ce4b0f05fc1ccc615,2009,1242,gasoline,Ford,Fiesta,88,51.14909568507102,6.345298144916388,2016-09-19T18:39:36Z,night,0,"B 57, Hehn, Schriefers, Mönchengladbach, Regierungsbezirk Düsseldorf, Nordrhein-Westfalen, 41179, Deutschland",146513924,17.02955680899322,%,77.99999767541885,km/h,,,2269.2091739475727,u/min,,,,,,,,,,,,,18.86896523833275,c,40.908179104328156,kPa,1.5319319784641265,precision,75.74508753857731,km/h,1.7659660190343858,precision,0.9000000268220902,precision,23.71029111073676,deg,123.85079264374815,m,16.000000476837158,%,33.86604986780969,%,3.2025223052363287,l/h,9.742339729387682,g/s,7.525927417305373,kg/h,,,,,,,,,,,,,,,,,,,,,,,,,,,,,,,,,,,,,,,,,,,,,,,,,,,,,,,primary,,,,,,,,,,,,70,,,,,,,,,,,,,,,,,,,,,,,,,,,,,,,,,,,,,,,,,,,,,
57e03350e4b0f05fc1fe03de,13.030113171483283,57cc950ce4b0f05fc1ccc615,2009,1242,gasoline,Ford,Fiesta,89,51.149927877521435,6.34600570330879,2016-09-19T18:39:41Z,night,0,"B 57, Hehn, Wyenhütte, Mönchengladbach, Regierungsbezirk Düsseldorf, Nordrhein-Westfalen, 41179, Deutschland",146587007,17.999999559950083,%,76.0000022649765,km/h,,,2195.0480769872665,u/min,,,,,,,,,,,,,19.000000566244125,c,44.32845661044121,kPa,1.1,precision,74.68756329353255,km/h,1.4,precision,0.8,precision,34.13883342388249,deg,125.54565235953079,m,12.0,%,37.52101000784495,%,3.3553613496033146,l/h,10.207288838939082,g/s,7.88509917156779,kg/h,,,,,,,,,,,,,,,,,,,,,,,,,,,,,,,,,,,,,,,,,,,,,,,,,,,,,,,primary,,,,,,,,,,,,70,,,,,,,,,,,,,,,,,,,,,,,,,,,,,,,,,,,,,,,,,,,,,
57e03350e4b0f05fc1fe03de,13.030113171483283,57cc950ce4b0f05fc1ccc615,2009,1242,gasoline,Ford,Fiesta,90,51.15063268973597,6.3469289218223945,2016-09-19T18:39:46Z,night,0,"B 57, Hehn, Wyenhütte, Mönchengladbach, Regierungsbezirk Düsseldorf, Nordrhein-Westfalen, 41179, Deutschland",146587007,12.999999612569809,%,72.49676376581192,km/h,,,2095.7214168310165,u/min,,,,,,,,,,,,,20.0,c,19.999999701976776,kPa,1.2357142865657806,precision,71.45391949708323,km/h,1.5357142865657807,precision,0.8642857134342194,precision,43.38102566667669,deg,123.77497448129853,m,8.000000238418579,%,14.901960088414896,%,1.4404300861546582,l/h,4.381908357922983,g/s,3.385010702463447,kg/h,,,,,,,,,,,,,,,,,,,,,,,,,,,,,,,,,,,,,,,,,,,,,,,,,,,,,,,primary,,,,,,,,,,,,70,,,,,,,,,,,,,,,,,,,,,,,,,,,,,,,,,,,,,,,,,,,,,
57e03350e4b0f05fc1fe03de,13.030113171483283,57cc950ce4b0f05fc1ccc615,2009,1242,gasoline,Ford,Fiesta,91,51.1512678083148,6.347918779642401,2016-09-19T18:39:51Z,night,0,"B 57, Hehn, Wyenhütte, Mönchengladbach, Regierungsbezirk Düsseldorf, Nordrhein-Westfalen, 41179, Deutschland",146587007,18.234710469841957,%,72.00000214576721,km/h,,,2082.7424483299255,u/min,,,,,,,,,,,,,20.99999937415123,c,43.50637040287256,kPa,1.5333333790302277,precision,71.301475180215,km/h,1.7666667193174361,precision,0.9000000268220902,precision,43.697980150869626,deg,121.93810090540956,m,10.718446254730225,%,34.64222769641265,%,3.1034025401329237,l/h,9.440809143962698,g/s,7.292995969312371,kg/h,,,,,,,,,,,,,,,,,,,,,,,,,,,,,,,,,,,,,,,,,,,,,,,,,,,,,,,primary,,,,,,,,,,,,70,,,,,,,,,,,,,,,,,,,,,,,,,,,,,,,,,,,,,,,,,,,,,
57e03350e4b0f05fc1fe03de,13.030113171483283,57cc950ce4b0f05fc1ccc615,2009,1242,gasoline,Ford,Fiesta,92,51.151959217194715,6.348801949827427,2016-09-19T18:39:56Z,night,0,"B 57, Hehn, Wyenhütte, Mönchengladbach, Regierungsbezirk Düsseldorf, Nordrhein-Westfalen, 41179, Deutschland",146587007,24.999999348074198,%,75.3799364566803,km/h,,,2180.781823992729,u/min,,,,,,,,,,,,,20.78973478078842,c,78.85251212120056,kPa,1.530739253759384,precision,74.19085496528533,km/h,1.7307392477989199,precision,0.8999999731779099,precision,34.897789330445676,deg,122.71283842392884,m,16.0,%,69.1148311714328,%,5.8936996007556735,l/h,17.929125327132155,g/s,13.850194061775833,kg/h,,,,,,,,,,,,,,,,,,,,,,,,,,,,,,,,,,,,,,,,,,,,,,,,,,,,,,,primary,,,,,,,,,,,,70,,,,,,,,,,,,,,,,,,,,,,,,,,,,,,,,,,,,,,,,,,,,,
57e03350e4b0f05fc1fe03de,13.030113171483283,57cc950ce4b0f05fc1ccc615,2009,1242,gasoline,Ford,Fiesta,93,51.152807271902816,6.349540654008586,2016-09-19T18:40:01Z,night,0,"B 57, Hehn, Wyenhütte, Mönchengladbach, Regierungsbezirk Düsseldorf, Nordrhein-Westfalen, 41179, Deutschland",146587007,18.29275780916214,%,78.99999764561653,km/h,,,2304.665712803602,u/min,,,,,,,,,,,,,19.0,c,50.28910106420517,kPa,1.5396793603897097,precision,78.22903064439652,km/h,1.7396793603897094,precision,0.8698396801948547,precision,23.61813528475443,deg,121.82787926907405,m,16.000000476837158,%,38.94864386719082,%,3.996634787159928,l/h,12.158096075439431,g/s,9.392091749825832,kg/h,,,,,,,,,,,,,,,,,,,,,,,,,,,,,,,,,,,,,,,,,,,,,,,,,,,,,,,primary,,,,,,,,,,,,70,,,,,,,,,,,,,,,,,,,,,,,,,,,,,,,,,,,,,,,,,,,,,
57e03350e4b0f05fc1fe03de,13.030113171483283,57cc950ce4b0f05fc1ccc615,2009,1242,gasoline,Ford,Fiesta,94,51.15374795807128,6.350070540779095,2016-09-19T18:40:06Z,night,0,"B 57, Hehn, Wyenhütte, Mönchengladbach, Regierungsbezirk Düsseldorf, Nordrhein-Westfalen, 41179, Deutschland",146587004,18.0000002682209,%,79.00000235438347,km/h,,,2282.3284109532833,u/min,,,,,,,,,,,,,19.0,c,43.96128983795643,kPa,1.6293225467205048,precision,78.22556129162831,km/h,1.8293225467205048,precision,0.8999999999999999,precision,18.522320697967416,deg,121.28727249457077,m,16.000000476837158,%,33.75175929024224,%,3.4598814134024205,l/h,10.52524758302128,g/s,8.130721321495688,kg/h,,,,,,,,,,,,,,,,,,,,,,,,,,,,,,,,,,,,,,,,,,,,,,,,,,,,,,,primary,,,,,,,,,,,,70,,,,,,,,,,,,,,,,,,,,,,,,,,,,,,,,,,,,,,,,,,,,,
57e03350e4b0f05fc1fe03de,13.030113171483283,57cc950ce4b0f05fc1ccc615,2009,1242,gasoline,Ford,Fiesta,95,51.15465216270441,6.350562677753013,2016-09-19T18:40:11Z,night,0,"B 57, Hehn, Wyenhütte, Mönchengladbach, Regierungsbezirk Düsseldorf, Nordrhein-Westfalen, 41179, Deutschland",146587009,22.0,%,77.0,km/h,,,2245.354335397482,u/min,,,,,,,,,,,,,19.999999403953552,c,64.8436500262469,kPa,1.3289156615734101,precision,75.70026312900222,km/h,1.52891566157341,precision,0.8,precision,22.253114813518494,deg,123.35248328929586,m,11.999999642372131,%,56.62386625940508,%,5.003581557406852,l/h,15.221312062761427,g/s,11.758416659906102,kg/h,,,,,,,,,,,,,,,,,,,,,,,,,,,,,,,,,,,,,,,,,,,,,,,,,,,,,,,primary,,,,,,,,,,,,70,,,,,,,,,,,,,,,,,,,,,,,,,,,,,,,,,,,,,,,,,,,,,
57e03350e4b0f05fc1fe03de,13.030113171483283,57cc950ce4b0f05fc1ccc615,2009,1242,gasoline,Ford,Fiesta,96,51.155484041895775,6.351204868142666,2016-09-19T18:40:16Z,night,0,"B 57, Hehn, Wyenhütte, Mönchengladbach, Regierungsbezirk Düsseldorf, Nordrhein-Westfalen, 41179, Deutschland",146587009,13.0,%,72.17919999361038,km/h,,,2089.1143173156306,u/min,,,,,,,,,,,,,20.000000596046448,c,19.999999701976776,kPa,1.600000047683716,precision,69.43128939767666,km/h,1.8000000536441805,precision,0.9000000268220902,precision,32.10298151253215,deg,124.26749751737893,m,13.005004644393921,%,14.901960817037832,%,1.4358888952472013,l/h,4.368093676749924,g/s,3.3743389038309233,kg/h,,,,,,,,,,,,,,,,,,,,,,,,,,,,,,,,,,,,,,,,,,,,,,,,,,,,,,,primary,,,,,,,,,,,,70,,,,,,,,,,,,,,,,,,,,,,,,,,,,,,,,,,,,,,,,,,,,,
57e03350e4b0f05fc1fe03de,13.030113171483283,57cc950ce4b0f05fc1ccc615,2009,1242,gasoline,Ford,Fiesta,97,51.156186092622264,6.351936716827703,2016-09-19T18:40:21Z,night,0,"B 57, Hehn, Wyenhütte, Mönchengladbach, Regierungsbezirk Düsseldorf, Nordrhein-Westfalen, 41179, Deutschland",146587009,13.000000387430191,%,63.24232492595911,km/h,,,1843.7815119326115,u/min,,,,,,,,,,,,,20.99999937415123,c,22.206611573696136,kPa,2.2481629282236097,precision,63.337723434251075,km/h,2.683614778518677,precision,1.3418073892593385,precision,36.142465361240056,deg,122.5848111833695,m,11.999999642372131,%,16.470589174943825,%,1.4023016397147685,l/h,4.265918446482302,g/s,3.295408853329706,kg/h,,,,,,,,,,,,,,,,,,,,,,,,,,,,,,,,,,,,,,,,,,,,,,,,,,,,,,,primary,,,,,,,,,,,,70,,,,,,,,,,,,,,,,,,,,,,,,,,,,,,,,,,,,,,,,,,,,,
57e03350e4b0f05fc1fe03de,13.030113171483283,57cc950ce4b0f05fc1ccc615,2009,1242,gasoline,Ford,Fiesta,98,51.156720038323016,6.352713382889508,2016-09-19T18:40:26Z,night,0,"B 57, Hehn, Wyenhütte, Mönchengladbach, Regierungsbezirk Düsseldorf, Nordrhein-Westfalen, 41179, Deutschland",146587009,12.50154322385788,%,46.702381640672684,km/h,,,1472.773544607684,u/min,,,,,,,,,,,,,21.00000062584877,c,21.066037118434906,kPa,1.863834047317505,precision,46.63530371770321,km/h,2.0957510501146315,precision,1.063834023475647,precision,44.8048462475582,deg,119.6587373681538,m,8.000000238418579,%,15.20068842883012,%,1.0625968089702258,l/h,3.2325080426215074,g/s,2.4971025010800307,kg/h,,,,,,,,,,,,,,,,,,,,,,,,,,,,,,,,,,,,,,,,,,,,,,,,,,,,,,,primary,,,,,,,,,,,,70,,,,,,,,,,,,,,,,,,,,,,,,,,,,,,,,,,,,,,,,,,,,,
57e03350e4b0f05fc1fe03de,13.030113171483283,57cc950ce4b0f05fc1ccc615,2009,1242,gasoline,Ford,Fiesta,99,51.156998567635625,6.353229169951607,2016-09-19T18:40:31Z,night,0,"B 57, Hehn, Wyenhütte, Mönchengladbach, Regierungsbezirk Düsseldorf, Nordrhein-Westfalen, 41179, Deutschland",243053232,12.602965414524078,%,18.25448641180992,km/h,,,1327.1979637742043,u/min,,,,,,,,,,,,,22.000000655651093,c,21.649005949497223,kPa,1.463200044631958,precision,17.855268662679634,km/h,1.8000000536441805,precision,1.036800029873848,precision,49.96312058470414,deg,120.85598066880343,m,7.999999761581421,%,16.7672685406597,%,0.9807299079304765,l/h,2.983462107416837,g/s,2.30471528363662,kg/h,,,,,,,,,,,,,,,,,,,,,,,,,,,,,,,,,,,,,,,,,,,,,,,,,,,,,,,primary,,,,,,,,,,,,70,,,,,,,,,,,,,,,,,,,,,,,,,,,,,,,,,,,,,,,,,,,,,
57eab561e4b0f05fc22341d6,12.482059618048856,57cc950ce4b0f05fc1ccc615,2009,1242,gasoline,Ford,Fiesta,0,51.15228238595097,6.280679814231293,2016-09-27T15:40:35Z,daylight,2,"Bahnhofstraße, Beeck, Wegberg, Kreis Heinsberg, Regierungsbezirk Köln, Nordrhein-Westfalen, 41844, Deutschland",37373522,11.999999821186066,%,9.51828284561634,km/h,,,714.9518456459045,u/min,,,,,,,,,,,,,25.000000433647074,c,33.0,kPa,1.3014409385621548,precision,11.122918688192254,km/h,1.6014409423340112,precision,0.9009606261271983,precision,6.3020548254284225,deg,118.16442045784164,m,12.000000223517418,%,25.486933705694014,%,0.7972131592243658,l/h,2.4251888647904556,g/s,1.8734509241772597,kg/h,,,,,,,,,,,,,,,,,,,,,,,,,,,,,,,,,,,,,,,,,,,,,,,,,,,,,,,tertiary,,,,,,,,,,,,,,,,,,,,,,,,,,,,,,,,,,,,,,,,,,,,,,,,,,,,,,,,,
57eab561e4b0f05fc22341d6,12.482059618048856,57cc950ce4b0f05fc1ccc615,2009,1242,gasoline,Ford,Fiesta,1,51.152323893075376,6.280682581367128,2016-09-27T15:40:40Z,daylight,2,"Bahnhofstraße, Beeck, Wegberg, Kreis Heinsberg, Regierungsbezirk Köln, Nordrhein-Westfalen, 41844, Deutschland",37373522,12.000000178813934,%,4.0,km/h,,,753.3798701763153,u/min,,,,,,,,,,,,,24.99999925494194,c,32.000000953674316,kPa,1.3145161382853985,precision,3.617799093184084,km/h,1.7145161412656307,precision,1.0072580717504025,precision,6.592862606931668,deg,117.95212593075841,m,11.999999910593033,%,25.003514028055406,%,0.8146062394223879,l/h,2.4781000641761888,g/s,1.9143246626426116,kg/h,,,,,,,,,,,,,,,,,,,,,,,,,,,,,,,,,,,,,,,,,,,,,,,,,,,,,,,tertiary,,,,,,,,,,,,,,,,,,,,,,,,,,,,,,,,,,,,,,,,,,,,,,,,,,,,,,,,,
57eab561e4b0f05fc22341d6,12.482059618048856,57cc950ce4b0f05fc1ccc615,2009,1242,gasoline,Ford,Fiesta,2,51.15236882254543,6.280682622676434,2016-09-27T15:40:45Z,daylight,2,"Bahnhofstraße, Beeck, Wegberg, Kreis Heinsberg, Regierungsbezirk Köln, Nordrhein-Westfalen, 41844, Deutschland",37373522,12.00000013411045,%,2.999999910593033,km/h,,,758.7664093375206,u/min,,,,,,,,,,,,,26.000000581145287,c,32.0,kPa,1.3941767275333403,precision,3.71572978427092,km/h,1.8883534416556358,precision,1.1912650778889655,precision,5.652728164981724,deg,117.51020273314803,m,8.00000011920929,%,24.619767555055887,%,0.81768796982583,l/h,2.487474944874327,g/s,1.9215667290907006,kg/h,,,,,,,,,,,,,,,,,,,,,,,,,,,,,,,,,,,,,,,,,,,,,,,,,,,,,,,tertiary,,,,,,,,,,,,,,,,,,,,,,,,,,,,,,,,,,,,,,,,,,,,,,,,,,,,,,,,,
57eab561e4b0f05fc22341d6,12.482059618048856,57cc950ce4b0f05fc1ccc615,2009,1242,gasoline,Ford,Fiesta,3,51.15239993060204,6.280681167499537,2016-09-27T15:40:50Z,daylight,2,"Bahnhofstraße, Beeck, Wegberg, Kreis Heinsberg, Regierungsbezirk Köln, Nordrhein-Westfalen, 41844, Deutschland",37373522,11.99999986588955,%,1.71172633767128,km/h,,,768.5081434249878,u/min,,,,,,,,,,,,,26.0,c,32.0,kPa,1.2108980625867842,precision,0.0,km/h,1.5081735368818046,precision,0.8999999849125744,precision,5.787830201853765,deg,117.3308540012945,m,5.9999998435378075,%,24.625259090933895,%,0.8281861941690547,l/h,2.519411418178445,g/s,1.9462375562972787,kg/h,,,,,,,,,,,,,,,,,,,,,,,,,,,,,,,,,,,,,,,,,,,,,,,,,,,,,,,tertiary,,,,,,,,,,,,,,,,,,,,,,,,,,,,,,,,,,,,,,,,,,,,,,,,,,,,,,,,,
57eab561e4b0f05fc22341d6,12.482059618048856,57cc950ce4b0f05fc1ccc615,2009,1242,gasoline,Ford,Fiesta,4,51.15239974004449,6.280681144102175,2016-09-27T15:40:55Z,daylight,2,"Bahnhofstraße, Beeck, Wegberg, Kreis Heinsberg, Regierungsbezirk Köln, Nordrhein-Westfalen, 41844, Deutschland",37373522,11.999999910593033,%,0.0,km/h,,,755.8853727579117,u/min,,,,,,,,,,,,,25.99999961256981,c,31.999999046325684,kPa,1.40385373942554,precision,0.0,km/h,1.7038537360727786,precision,0.9999999888241291,precision,5.787830180292417,deg,117.31711686400875,m,5.999999821186066,%,24.348881656538794,%,0.8145831864013585,l/h,2.4780299349651327,g/s,1.9142704880431927,kg/h,,,,,,,,,,,,,,,,,,,,,,,,,,,,,,,,,,,,,,,,,,,,,,,,,,,,,,,tertiary,,,,,,,,,,,,,,,,,,,,,,,,,,,,,,,,,,,,,,,,,,,,,,,,,,,,,,,,,
57eab561e4b0f05fc22341d6,12.482059618048856,57cc950ce4b0f05fc1ccc615,2009,1242,gasoline,Ford,Fiesta,5,51.15240221729257,6.280681448267871,2016-09-27T15:41:00Z,daylight,2,"Bahnhofstraße, Beeck, Wegberg, Kreis Heinsberg, Regierungsbezirk Köln, Nordrhein-Westfalen, 41844, Deutschland",37373522,12.0,%,0.0,km/h,,,753.8039440512657,u/min,,,,,,,,,,,,,26.0,c,31.197712421417236,kPa,1.499395762011409,precision,0.0,km/h,1.7993957603350283,precision,0.9999999944120646,precision,5.787830460589944,deg,117.31941442251792,m,8.000000149011612,%,23.921567293066623,%,0.791973573444077,l/h,2.4092496082146693,g/s,1.861137897593581,kg/h,,,,,,,,,,,,,,,,,,,,,,,,,,,,,,,,,,,,,,,,,,,,,,,,,,,,,,,tertiary,,,,,,,,,,,,,,,,,,,,,,,,,,,,,,,,,,,,,,,,,,,,,,,,,,,,,,,,,
57eab561e4b0f05fc22341d6,12.482059618048856,57cc950ce4b0f05fc1ccc615,2009,1242,gasoline,Ford,Fiesta,6,51.15249002401318,6.28068983012376,2016-09-27T15:41:05Z,daylight,2,"Bahnhofstraße, Beeck, Wegberg, Kreis Heinsberg, Regierungsbezirk Köln, Nordrhein-Westfalen, 41844, Deutschland",37373522,20.139573097229004,%,3.0,km/h,,,1559.1549863368273,u/min,,,,,,,,,,,,,27.000000804662704,c,43.81189578771591,kPa,1.5045833110809326,precision,2.5853661555208873,km/h,1.8999999716877938,precision,0.9999999850988388,precision,6.541986269686845,deg,117.11027861248687,m,6.138219714164734,%,55.6413435196564,%,2.2927754702113456,l/h,6.974814045005431,g/s,5.388022354996663,kg/h,,,,,,,,,,,,,,,,,,,,,,,,,,,,,,,,,,,,,,,,,,,,,,,,,,,,,,,tertiary,,,,,,,,,,,,,,,,,,,,,,,,,,,,,,,,,,,,,,,,,,,,,,,,,,,,,,,,,
57eab561e4b0f05fc22341d6,12.482059618048856,57cc950ce4b0f05fc1ccc615,2009,1242,gasoline,Ford,Fiesta,7,51.15258253233827,6.280889017062252,2016-09-27T15:41:10Z,daylight,2,"Grenzlandring, Beeck, Wegberg, Kreis Heinsberg, Regierungsbezirk Köln, Nordrhein-Westfalen, 41844, Deutschland",238836831,86.0,%,26.328903675079346,km/h,,,1974.5174947413616,u/min,,,,,,,,,,,,,25.999999225139618,c,101.0,kPa,1.6062874130904676,precision,15.47306864863583,km/h,1.8999999858438967,precision,0.9999999925494194,precision,68.90842030810131,deg,116.4166770884041,m,12.000000178813934,%,92.93986195824573,%,6.7160186793055425,l/h,20.430688490670736,g/s,15.782643896368025,kg/h,,,,,,,,,,,,,,,,,,,,,,,,,,,,,,,,,,,,,,,,,,,,,,,,,,,,,,,secondary,,,2,,,,,,,,,50,,,,,,no,,,,,,,,,,,,,,,,,,,,,,,,,,,,,asphalt,,,,,,,,,,
57eab561e4b0f05fc22341d6,12.482059618048856,57cc950ce4b0f05fc1ccc615,2009,1242,gasoline,Ford,Fiesta,8,51.15263454089079,6.28162312722977,2016-09-27T15:41:15Z,daylight,2,"Grenzlandring, Beeck, Wegberg, Kreis Heinsberg, Regierungsbezirk Köln, Nordrhein-Westfalen, 41844, Deutschland",238836831,43.90713036060333,%,45.803332298994064,km/h,,,2290.9500149190426,u/min,,,,,,,,,,,,,24.0,c,80.99999752640724,kPa,1.3957273311913012,precision,42.87241874677528,km/h,1.7935910040512681,precision,0.9957273408770562,precision,82.20587216655463,deg,112.69584617457144,m,11.999999821186066,%,61.01869925268744,%,6.291343912155836,l/h,19.138792459437397,g/s,14.784658193566214,kg/h,,,,,,,,,,,,,,,,,,,,,,,,,,,,,,,,,,,,,,,,,,,,,,,,,,,,,,,secondary,,,2,,,,,,,,,50,,,,,,no,,,,,,,,,,,,,,,,,,,,,,,,,,,,,asphalt,,,,,,,,,,
57eab561e4b0f05fc22341d6,12.482059618048856,57cc950ce4b0f05fc1ccc615,2009,1242,gasoline,Ford,Fiesta,9,51.15266614904817,6.282714623056994,2016-09-27T15:41:20Z,daylight,2,"Grenzlandring, Beeck, Wegberg, Kreis Heinsberg, Regierungsbezirk Köln, Nordrhein-Westfalen, 41844, Deutschland",146452261,73.92271268367767,%,58.99350818316452,km/h,,,2165.6037413477898,u/min,,,,,,,,,,,,,24.000000715255737,c,90.35135409235954,kPa,1.5827380653470755,precision,58.51389837814841,km/h,1.88273805975914,precision,0.9942460130900145,precision,88.80994060996204,deg,110.66556982419098,m,12.000000089406967,%,91.61694463166168,%,6.633709736981639,l/h,20.180297829042892,g/s,15.589217881906851,kg/h,,,,,,,,,,,,,,,,,,,,,,,,,,,,,,,,,,,,,,,,,,,,,,,,,,,,,,,secondary,,,2,,,,,,,,,70,,,,,,no,,,,,,,,,,,,,,,,,,,,,,,,,,,,,asphalt,,,,,,,,,,
57eab561e4b0f05fc22341d6,12.482059618048856,57cc950ce4b0f05fc1ccc615,2009,1242,gasoline,Ford,Fiesta,10,51.15260447678138,6.283898539749281,2016-09-27T15:41:25Z,daylight,2,"Grenzlandring, Beeck, Wegberg, Kreis Heinsberg, Regierungsbezirk Köln, Nordrhein-Westfalen, 41844, Deutschland",146452261,31.380347728729248,%,67.96763753890991,km/h,,,1972.9745663627982,u/min,,,,,,,,,,,,,24.00000035762787,c,93.56869006156921,kPa,1.300000009685755,precision,66.28035665441575,km/h,1.5056000113487245,precision,0.9000000067055226,precision,95.1375105104089,deg,111.36663487922145,m,8.0,%,86.99911562721604,%,6.258854315161589,l/h,19.03995639791448,g/s,14.708307640629734,kg/h,,,,,,,,,,,,,,,,,,,,,,,,,,,,,,,,,,,,,,,,,,,,,,,,,,,,,,,secondary,,,2,,,,,,,,,70,,,,,,no,,,,,,,,,,,,,,,,,,,,,,,,,,,,,asphalt,,,,,,,,,,
57eab561e4b0f05fc22341d6,12.482059618048856,57cc950ce4b0f05fc1ccc615,2009,1242,gasoline,Ford,Fiesta,11,51.152438210832976,6.28525604780539,2016-09-27T15:41:30Z,daylight,2,"Grenzlandring, Beeck, Wegberg, Kreis Heinsberg, Regierungsbezirk Köln, Nordrhein-Westfalen, 41844, Deutschland",146452261,18.709265425801277,%,73.00000108778477,km/h,,,2125.2708966732025,u/min,,,,,,,,,,,,,24.0,c,54.7076678276062,kPa,1.2088670175522565,precision,72.05836863033983,km/h,1.5059113580733539,precision,0.8029556799679994,precision,103.43238109725212,deg,109.33986085433085,m,11.816366910934448,%,47.28737330216359,%,3.941897283255824,l/h,11.991580027104488,g/s,9.263458615651187,kg/h,,,,,,,,,,,,,,,,,,,,,,,,,,,,,,,,,,,,,,,,,,,,,,,,,,,,,,,secondary,,,2,,,,,,,,,70,,,,,,no,,,,,,,,,,,,,,,,,,,,,,,,,,,,,asphalt,,,,,,,,,,
57eab561e4b0f05fc22341d6,12.482059618048856,57cc950ce4b0f05fc1ccc615,2009,1242,gasoline,Ford,Fiesta,12,51.152135919354635,6.286683012188622,2016-09-27T15:41:35Z,daylight,2,"Grenzlandring, Beeck, Wegberg, Kreis Heinsberg, Regierungsbezirk Köln, Nordrhein-Westfalen, 41844, Deutschland",146452261,17.9999997317791,%,73.00000054389238,km/h,,,2116.2319903969765,u/min,,,,,,,,,,,,,23.9999997317791,c,47.00000140070915,kPa,1.2074850456789135,precision,72.49433479877962,km/h,1.5049900395795703,precision,0.802495020441711,precision,109.12786515140203,deg,110.12158530062874,m,11.999999910593033,%,39.60784031129356,%,3.372127240192279,l/h,10.25829207526826,g/s,7.924499014451856,kg/h,,,,,,,,,,,,,,,,,,,,,,,,,,,,,,,,,,,,,,,,,,,,,,,,,,,,,,,secondary,,,2,,,,,,,,,70,,,,,,no,,,,,,,,,,,,,,,,,,,,,,,,,,,,,asphalt,,,,,,,,,,
57eab561e4b0f05fc22341d6,12.482059618048856,57cc950ce4b0f05fc1ccc615,2009,1242,gasoline,Ford,Fiesta,13,51.15174089917654,6.288042619108349,2016-09-27T15:41:40Z,daylight,2,"Grenzlandring, Beeck, Wegberg, Kreis Heinsberg, Regierungsbezirk Köln, Nordrhein-Westfalen, 41844, Deutschland",146452261,17.999999530613422,%,73.0,km/h,,,2121.5393258333206,u/min,,,,,,,,,,,,,24.00000035762787,c,46.0,kPa,1.2053000312298536,precision,71.18408389451986,km/h,1.5000000391155481,precision,0.8000000208616257,precision,117.56813022683161,deg,113.3973744184937,m,8.000000178813934,%,39.60784208190205,%,3.308656827218443,l/h,10.065209789800772,g/s,7.775343543963341,kg/h,,,,,,,,,,,,,,,,,,,,,,,,,,,,,,,,,,,,,,,,,,,,,,,,,,,,,,,secondary,,,2,,,,,,,,,70,,,,,,no,,,,,,,,,,,,,,,,,,,,,,,,,,,,,asphalt,,,,,,,,,,
57eab561e4b0f05fc22341d6,12.482059618048856,57cc950ce4b0f05fc1ccc615,2009,1242,gasoline,Ford,Fiesta,14,51.151269370793315,6.2892409903386355,2016-09-27T15:41:45Z,daylight,2,"Grenzlandring, Beeck, Wegberg, Kreis Heinsberg, Regierungsbezirk Köln, Nordrhein-Westfalen, 41844, Deutschland",146452261,18.000000536441803,%,73.0,km/h,,,2111.2442937493324,u/min,,,,,,,,,,,,,24.000000715255737,c,47.00000140070915,kPa,1.5,precision,72.14603063978973,km/h,1.7,precision,0.9,precision,125.09490389055043,deg,111.72754542681264,m,12.000000178813934,%,40.42668345465145,%,3.3641795428837287,l/h,10.234114517747543,g/s,7.905821925776762,kg/h,,,,,,,,,,,,,,,,,,,,,,,,,,,,,,,,,,,,,,,,,,,,,,,,,,,,,,,secondary,,,2,,,,,,,,,70,,,,,,no,,,,,,,,,,,,,,,,,,,,,,,,,,,,,asphalt,,,,,,,,,,
57eab561e4b0f05fc22341d6,12.482059618048856,57cc950ce4b0f05fc1ccc615,2009,1242,gasoline,Ford,Fiesta,15,51.150687994958176,6.290314671807792,2016-09-27T15:41:50Z,daylight,2,"Grenzlandring, Beeck, Wegberg, Kreis Heinsberg, Regierungsbezirk Köln, Nordrhein-Westfalen, 41844, Deutschland",146452261,20.000000596046448,%,73.86789298057556,km/h,,,2141.9304396361113,u/min,,,,,,,,,,,,,24.0,c,56.99999915063381,kPa,1.500000011175871,precision,73.44665767621126,km/h,1.7000000126659869,precision,0.9000000067055226,precision,131.906180876319,deg,108.19739097778965,m,8.000000059604645,%,50.33956781894631,%,4.139262976590687,l/h,12.59198291337025,g/s,9.727267994988114,kg/h,,,,,,,,,,,,,,,,,,,,,,,,,,,,,,,,,,,,,,,,,,,,,,,,,,,,,,,secondary,,,2,,,,,,,,,70,,,,,,no,,,,,,,,,,,,,,,,,,,,,,,,,,,,,asphalt,,,,,,,,,,
57eab561e4b0f05fc22341d6,12.482059618048856,57cc950ce4b0f05fc1ccc615,2009,1242,gasoline,Ford,Fiesta,16,51.150063326984416,6.29133930899772,2016-09-27T15:41:55Z,daylight,2,"Grenzlandring, Beeck, Wegberg, Kreis Heinsberg, Regierungsbezirk Köln, Nordrhein-Westfalen, 41844, Deutschland",415337286,20.000000596046448,%,74.99999888241291,km/h,,,2184.6864035725594,u/min,,,,,,,,,,,,,23.999999463558197,c,56.000001668930054,kPa,1.3106899708509445,precision,74.79117571215585,km/h,1.6106899663805962,precision,0.8106899783015251,precision,137.1786971587827,deg,108.13844387340436,m,6.635999947786331,%,48.294984600486714,%,4.147820498779131,l/h,12.618015608994348,g/s,9.747378172130958,kg/h,,,,,,,,,,,,,,,,,,,,,,,,,,,,,,,,,,,,,,,,,,,,,,,,,,,,,,,secondary,,,2,,,,,,,,,70,,,,,,no,,,,,,,,,,,,,,,,,,,,,,,,,,,,,asphalt,,,,,,,,,,
57eab561e4b0f05fc22341d6,12.482059618048856,57cc950ce4b0f05fc1ccc615,2009,1242,gasoline,Ford,Fiesta,17,51.149375006791125,6.29236418331534,2016-09-27T15:42:00Z,daylight,2,"Grenzlandring, Beeck, Wegberg, Kreis Heinsberg, Regierungsbezirk Köln, Nordrhein-Westfalen, 41844, Deutschland",415337286,20.9336656332016,%,77.0,km/h,,,2220.428346455097,u/min,,,,,,,,,,,,,24.00000035762787,c,60.334405183792114,kPa,1.4999999944120646,precision,75.92635099054098,km/h,1.7999999932944777,precision,0.8999999966472388,precision,134.22350150867038,deg,107.9620991714893,m,12.19979590177536,%,52.36447475986358,%,4.541973593924078,l/h,13.81706217051654,g/s,10.673637945721584,kg/h,,,,,,,,,,,,,,,,,,,,,,,,,,,,,,,,,,,,,,,,,,,,,,,,,,,,,,,secondary,,,2,,,,,,,,,70,,,,,,no,,,,,,,,,,,,,,,,,,,,,,,,,,,,,asphalt,,,,,,,,,,
57eab561e4b0f05fc22341d6,12.482059618048856,57cc950ce4b0f05fc1ccc615,2009,1242,gasoline,Ford,Fiesta,18,51.14868622802908,6.293395679881995,2016-09-27T15:42:05Z,daylight,2,"Grenzlandring, Beeck, Wegberg, Kreis Heinsberg, Regierungsbezirk Köln, Nordrhein-Westfalen, 41844, Deutschland",415337286,21.0,%,75.9999977350235,km/h,,,2201.101404070854,u/min,,,,,,,,,,,,,23.99999964237213,c,62.99999812245369,kPa,1.49679038785398,precision,75.08667120297281,km/h,1.6983952045440673,precision,0.8983951956033708,precision,137.54319209141784,deg,108.5198984826348,m,8.000000178813934,%,54.93231469587079,%,4.701358775787272,l/h,14.301925175842863,g/s,11.04819312310009,kg/h,,,,,,,,,,,,,,,,,,,,,,,,,,,,,,,,,,,,,,,,,,,,,,,,,,,,,,,secondary,,,2,,,,,,,,,70,,,,,,no,,,,,,,,,,,,,,,,,,,,,,,,,,,,,asphalt,,,,,,,,,,
57eab561e4b0f05fc22341d6,12.482059618048856,57cc950ce4b0f05fc1ccc615,2009,1242,gasoline,Ford,Fiesta,19,51.1479854789429,6.294432990643676,2016-09-27T15:42:10Z,daylight,2,"Grenzlandring, Beeck, Wegberg, Kreis Heinsberg, Regierungsbezirk Köln, Nordrhein-Westfalen, 41844, Deutschland",415337286,21.99999950826168,%,74.0,km/h,,,2152.169329047203,u/min,,,,,,,,,,,,,24.0,c,67.6528662443161,kPa,1.2999999636784196,precision,73.2131968861014,km/h,1.5999999552965165,precision,0.7999999776482583,precision,137.96842542318598,deg,112.18635056446928,m,7.9999998062849045,%,59.41998527907708,%,4.936344330685285,l/h,15.016770815972194,g/s,11.600409177110421,kg/h,,,,,,,,,,,,,,,,,,,,,,,,,,,,,,,,,,,,,,,,,,,,,,,,,,,,,,,secondary,,,2,,,,,,,,,70,,,,,,no,,,,,,,,,,,,,,,,,,,,,,,,,,,,,asphalt,,,,,,,,,,
57eab561e4b0f05fc22341d6,12.482059618048856,57cc950ce4b0f05fc1ccc615,2009,1242,gasoline,Ford,Fiesta,20,51.147316214984805,6.295397453509967,2016-09-27T15:42:15Z,daylight,2,"Grenzlandring, Beeck, Wegberg, Kreis Heinsberg, Regierungsbezirk Köln, Nordrhein-Westfalen, 41844, Deutschland",415337286,21.999999672174454,%,74.0,km/h,,,2136.692189872265,u/min,,,,,,,,,,,,,24.000000715255737,c,70.00000208616257,kPa,1.5999999821186066,precision,74.53213116525802,km/h,1.7999999798834325,precision,0.8999999899417163,precision,139.607714934952,deg,114.68298281483756,m,8.156402558088303,%,61.95829238550758,%,5.070874023903547,l/h,15.426021353549913,g/s,11.916553956173335,kg/h,,,,,,,,,,,,,,,,,,,,,,,,,,,,,,,,,,,,,,,,,,,,,,,,,,,,,,,secondary,,,2,,,,,,,,,70,,,,,,no,,,,,,,,,,,,,,,,,,,,,,,,,,,,,asphalt,,,,,,,,,,
57eab561e4b0f05fc22341d6,12.482059618048856,57cc950ce4b0f05fc1ccc615,2009,1242,gasoline,Ford,Fiesta,21,51.14663095612686,6.296354694214733,2016-09-27T15:42:20Z,daylight,2,"Grenzlandring, Beeck, Wegberg, Kreis Heinsberg, Regierungsbezirk Köln, Nordrhein-Westfalen, 41844, Deutschland",415337286,19.999999403953552,%,72.00000214576721,km/h,,,2082.0370368361473,u/min,,,,,,,,,,,,,24.0,c,59.16833245754242,kPa,1.300000024214387,precision,70.1972197752039,km/h,1.6000000298023225,precision,0.8000000149011612,precision,139.54004081224082,deg,116.80262207162366,m,11.999999910593033,%,52.94890385211531,%,4.176577913427012,l/h,12.705498060804421,g/s,9.814958096553479,kg/h,,,,,,,,,,,,,,,,,,,,,,,,,,,,,,,,,,,,,,,,,,,,,,,,,,,,,,,secondary,,,2,,,,,,,,,70,,,,,,no,,,,,,,,,,,,,,,,,,,,,,,,,,,,,asphalt,,,,,,,,,,
57eab561e4b0f05fc22341d6,12.482059618048856,57cc950ce4b0f05fc1ccc615,2009,1242,gasoline,Ford,Fiesta,22,51.14599197524574,6.297277390915202,2016-09-27T15:42:25Z,daylight,2,"Grenzlandring, Beeck, Wegberg, Kreis Heinsberg, Regierungsbezirk Köln, Nordrhein-Westfalen, 41844, Deutschland",415337286,22.623794198036194,%,69.0,km/h,,,1998.330049276352,u/min,,,,,,,,,,,,,24.000000715255737,c,75.89456840604544,kPa,1.3000000193715096,precision,67.75245861632266,km/h,1.6000000238418581,precision,0.8000000119209291,precision,138.52020220380155,deg,119.19063761489603,m,8.000000238418579,%,67.58607881332455,%,5.141865597957482,l/h,15.641983637786488,g/s,12.083384155200083,kg/h,,,,,,,,,,,,,,,,,,,,,,,,,,,,,,,,,,,,,,,,,,,,,,,,,,,,,,,secondary,,,2,,,,,,,,,70,,,,,,no,,,,,,,,,,,,,,,,,,,,,,,,,,,,,asphalt,,,,,,,,,,
57eab561e4b0f05fc22341d6,12.482059618048856,57cc950ce4b0f05fc1ccc615,2009,1242,gasoline,Ford,Fiesta,23,51.14536103913447,6.298218122103062,2016-09-27T15:42:30Z,daylight,2,"Grenzlandring, Beeck, Wegberg, Kreis Heinsberg, Regierungsbezirk Köln, Nordrhein-Westfalen, 41844, Deutschland",146452275,20.889952808618546,%,72.99999782443047,km/h,,,2108.8801313638687,u/min,,,,,,,,,,,,,23.999999284744263,c,66.3848565518856,kPa,1.5921471290290357,precision,72.56323567707022,km/h,1.8842942483723162,precision,0.9921471245586873,precision,138.18573259105779,deg,119.30386012366372,m,8.0,%,57.55027189333077,%,4.746393322652714,l/h,14.438924020286441,g/s,11.154024308233877,kg/h,,,,,,,,,,,,,,,,,,,,,,,,,,,,,,,,,,,,,,,,,,,,,,,,,,,,,,,secondary,,,,,,,,,,,,,,,,,,,,,,,,,,,,,,,,,,,,,,,,,,,,,,,,,,,,,,,,,
57eab561e4b0f05fc22341d6,12.482059618048856,57cc950ce4b0f05fc1ccc615,2009,1242,gasoline,Ford,Fiesta,24,51.14467488670826,6.299249056756677,2016-09-27T15:42:35Z,daylight,2,"Grenzlandring, Beeck, Wegberg, Kreis Heinsberg, Regierungsbezirk Köln, Nordrhein-Westfalen, 41844, Deutschland",146452275,13.999999582767487,%,74.23556120693684,km/h,,,2152.030179530382,u/min,,,,,,,,,,,,,24.000000715255737,c,19.080000281333923,kPa,1.596954332664609,precision,74.41569053975923,km/h,1.7969543348997832,precision,0.9000000100582838,precision,137.20805995329454,deg,118.23445542004991,m,8.000000178813934,%,13.825549545061676,%,1.3920971366819996,l/h,4.234875497881366,g/s,3.271428271202699,kg/h,,,,,,,,,,,,,,,,,,,,,,,,,,,,,,,,,,,,,,,,,,,,,,,,,,,,,,,secondary,,,,,,,,,,,,,,,,,,,,,,,,,,,,,,,,,,,,,,,,,,,,,,,,,,,,,,,,,
57eab561e4b0f05fc22341d6,12.482059618048856,57cc950ce4b0f05fc1ccc615,2009,1242,gasoline,Ford,Fiesta,25,51.14401594820513,6.3002133612962945,2016-09-27T15:42:40Z,daylight,2,"Grenzlandring, Beeck, Wegberg, Kreis Heinsberg, Regierungsbezirk Köln, Nordrhein-Westfalen, 41844, Deutschland",146452275,16.000000476837158,%,72.8042403459549,km/h,,,2107.763146109879,u/min,,,,,,,,,,,,,25.0,c,30.13173697888851,kPa,1.5811377130448818,precision,71.31490188306293,km/h,1.7874251365661622,precision,0.8937125682830811,precision,138.13164021183695,deg,118.13751962315234,m,11.674698889255524,%,23.52941201714907,%,2.145999924687105,l/h,6.52831060422523,g/s,5.043099823014697,kg/h,,,,,,,,,,,,,,,,,,,,,,,,,,,,,,,,,,,,,,,,,,,,,,,,,,,,,,,secondary,,,,,,,,,,,,,,,,,,,,,,,,,,,,,,,,,,,,,,,,,,,,,,,,,,,,,,,,,
57eab561e4b0f05fc22341d6,12.482059618048856,57cc950ce4b0f05fc1ccc615,2009,1242,gasoline,Ford,Fiesta,26,51.14336860313508,6.301163440898576,2016-09-27T15:42:45Z,daylight,2,"Grenzlandring, Beeck, Wegberg, Kreis Heinsberg, Regierungsbezirk Köln, Nordrhein-Westfalen, 41844, Deutschland",146452275,18.35185131430626,%,71.00000211596489,km/h,,,2066.408823490143,u/min,,,,,,,,,,,,,25.00000074505806,c,48.11026105284691,kPa,1.504586224630475,precision,70.00331535684163,km/h,1.704586222395301,precision,0.9022931106388569,precision,136.93795804323105,deg,118.52156409371644,m,7.999999850988388,%,38.913840486623485,%,3.3592141256793124,l/h,10.21900930482694,g/s,7.894153195346385,kg/h,,,,,,,,,,,,,,,,,,,,,,,,,,,,,,,,,,,,,,,,,,,,,,,,,,,,,,,secondary,,,,,,,,,,,,,,,,,,,,,,,,,,,,,,,,,,,,,,,,,,,,,,,,,,,,,,,,,
57eab561e4b0f05fc22341d6,12.482059618048856,57cc950ce4b0f05fc1ccc615,2009,1242,gasoline,Ford,Fiesta,27,51.14272340708116,6.302083130947242,2016-09-27T15:42:50Z,daylight,2,"Grenzlandring, Beeck, Wegberg, Kreis Heinsberg, Regierungsbezirk Köln, Nordrhein-Westfalen, 41844, Deutschland",146452275,21.0,%,71.9999989271164,km/h,,,2097.2918501719832,u/min,,,,,,,,,,,,,25.0,c,65.90774152427912,kPa,1.5150000229477882,precision,68.15148249587094,km/h,1.8150000274181366,precision,1.0000000149011612,precision,138.08540391855354,deg,115.89454039559381,m,8.211576670408249,%,58.909457031553075,%,4.670668312611226,l/h,14.208562229322732,g/s,10.976070534636381,kg/h,,,,,,,,,,,,,,,,,,,,,,,,,,,,,,,,,,,,,,,,,,,,,,,,,,,,,,,secondary,,,,,,,,,,,,,,,,,,,,,,,,,,,,,,,,,,,,,,,,,,,,,,,,,,,,,,,,,
57eab561e4b0f05fc22341d6,12.482059618048856,57cc950ce4b0f05fc1ccc615,2009,1242,gasoline,Ford,Fiesta,28,51.142043593993066,6.303113989174213,2016-09-27T15:42:55Z,daylight,2,"Grenzlandring, Beeck, Wegberg, Kreis Heinsberg, Regierungsbezirk Köln, Nordrhein-Westfalen, 41844, Deutschland",146452275,21.0,%,74.99999776482582,km/h,,,2175.514900110662,u/min,,,,,,,,,,,,,24.000000715255737,c,62.90099197626114,kPa,1.600000047683716,precision,74.51667016151669,km/h,1.9000000566244124,precision,1.0000000298023224,precision,137.37509215619616,deg,112.60291005465042,m,7.9999998807907104,%,54.68852519250231,%,4.639405815997602,l/h,14.113459109416038,g/s,10.902603667594365,kg/h,,,,,,,,,,,,,,,,,,,,,,,,,,,,,,,,,,,,,,,,,,,,,,,,,,,,,,,secondary,,,,,,,,,,,,,,,,,,,,,,,,,,,,,,,,,,,,,,,,,,,,,,,,,,,,,,,,,
57eab561e4b0f05fc22341d6,12.482059618048856,57cc950ce4b0f05fc1ccc615,2009,1242,gasoline,Ford,Fiesta,29,51.14136187307486,6.304106583702386,2016-09-27T15:43:00Z,daylight,2,"Grenzlandring, Beeck, Wegberg, Kreis Heinsberg, Regierungsbezirk Köln, Nordrhein-Westfalen, 41844, Deutschland",146452275,18.0,%,75.0,km/h,,,2183.180577609688,u/min,,,,,,,,,,,,,24.000000715255737,c,41.12292267382145,kPa,1.5042042434215546,precision,74.82434575034313,km/h,1.800000046938658,precision,0.900000023469329,precision,137.86632882065896,deg,113.39343914821751,m,8.253266334533691,%,33.5585428609088,%,3.0438022805479528,l/h,9.259500187616919,g/s,7.15293535928769,kg/h,,,,,,,,,,,,,,,,,,,,,,,,,,,,,,,,,,,,,,,,,,,,,,,,,,,,,,,secondary,,,,,,,,,,,,,,,,,,,,,,,,,,,,,,,,,,,,,,,,,,,,,,,,,,,,,,,,,
57eab561e4b0f05fc22341d6,12.482059618048856,57cc950ce4b0f05fc1ccc615,2009,1242,gasoline,Ford,Fiesta,30,51.140693103494954,6.305080327188329,2016-09-27T15:43:05Z,daylight,2,"Grenzlandring, Beeck, Wegberg, Kreis Heinsberg, Regierungsbezirk Köln, Nordrhein-Westfalen, 41844, Deutschland",146452275,16.571646332740784,%,73.00000135973096,km/h,,,2103.7835052013397,u/min,,,,,,,,,,,,,24.00000035762787,c,34.28650903701782,kPa,1.4971287157386541,precision,71.12220489193692,km/h,1.7000000031664968,precision,0.9000000016763806,precision,137.03505956960328,deg,113.59876242693409,m,11.797015011310577,%,26.507606601961925,%,2.445496923439398,l/h,7.4394054325129355,g/s,5.746917770082586,kg/h,,,,,,,,,,,,,,,,,,,,,,,,,,,,,,,,,,,,,,,,,,,,,,,,,,,,,,,secondary,,,,,,,,,,,,,,,,,,,,,,,,,,,,,,,,,,,,,,,,,,,,,,,,,,,,,,,,,
57eab561e4b0f05fc22341d6,12.482059618048856,57cc950ce4b0f05fc1ccc615,2009,1242,gasoline,Ford,Fiesta,31,51.14005003336909,6.306029036004127,2016-09-27T15:43:10Z,daylight,2,"Grenzlandring, Beeck, Wegberg, Kreis Heinsberg, Regierungsbezirk Köln, Nordrhein-Westfalen, 41844, Deutschland",146452275,18.635332226753235,%,71.00000165309757,km/h,,,2061.6501035690308,u/min,,,,,,,,,,,,,25.0,c,48.60232949256897,kPa,1.504146122932434,precision,70.44685102391196,km/h,1.7041461259126662,precision,0.9000000134110451,precision,138.38630505403887,deg,113.75363233077498,m,8.000000074505806,%,44.80620009431186,%,3.3857569095481845,l/h,10.299754665254707,g/s,7.956528737438234,kg/h,,,,,,,,,,,,,,,,,,,,,,,,,,,,,,,,,,,,,,,,,,,,,,,,,,,,,,,secondary,,,,,,,,,,,,,,,,,,,,,,,,,,,,,,,,,,,,,,,,,,,,,,,,,,,,,,,,,
57eab561e4b0f05fc22341d6,12.482059618048856,57cc950ce4b0f05fc1ccc615,2009,1242,gasoline,Ford,Fiesta,32,51.13941023322977,6.306970719399589,2016-09-27T15:43:15Z,daylight,2,"Grenzlandring, Beeck, Wegberg, Kreis Heinsberg, Regierungsbezirk Köln, Nordrhein-Westfalen, 41844, Deutschland",146452275,16.22580596804619,%,69.00000154227018,km/h,,,1998.8025078773499,u/min,,,,,,,,,,,,,25.0,c,34.71023619174957,kPa,1.2979360140860081,precision,68.44185125363987,km/h,1.5979360135272147,precision,0.799999998509884,precision,137.3355183697306,deg,114.87957692698119,m,7.908820673823357,%,27.990196143879587,%,2.344289176835272,l/h,7.131523033364299,g/s,5.50907956556289,kg/h,,,,,,,,,,,,,,,,,,,,,,,,,,,,,,,,,,,,,,,,,,,,,,,,,,,,,,,secondary,,,,,,,,,,,,,,,,,,,,,,,,,,,,,,,,,,,,,,,,,,,,,,,,,,,,,,,,,
57eab561e4b0f05fc22341d6,12.482059618048856,57cc950ce4b0f05fc1ccc615,2009,1242,gasoline,Ford,Fiesta,33,51.13880843582896,6.307868478632162,2016-09-27T15:43:20Z,daylight,2,"Grenzlandring, Beeck, Wegberg, Kreis Heinsberg, Regierungsbezirk Köln, Nordrhein-Westfalen, 41844, Deutschland",146452275,17.35139572620392,%,67.84740057587624,km/h,,,1961.3138211369514,u/min,,,,,,,,,,,,,26.000000290572643,c,46.14910715818405,kPa,1.3045771434903144,precision,66.75289850270053,km/h,1.600000035762787,precision,0.8954229056835175,precision,137.45397976676782,deg,113.85685782177143,m,5.999999910593033,%,39.44944613056941,%,3.0481752043298536,l/h,9.272802986171774,g/s,7.163211730175156,kg/h,,,,,,,,,,,,,,,,,,,,,,,,,,,,,,,,,,,,,,,,,,,,,,,,,,,,,,,secondary,,,,,,,,,,,,,,,,,,,,,,,,,,,,,,,,,,,,,,,,,,,,,,,,,,,,,,,,,
57eab561e4b0f05fc22341d6,12.482059618048856,57cc950ce4b0f05fc1ccc615,2009,1242,gasoline,Ford,Fiesta,34,51.1381860549942,6.308781362409414,2016-09-27T15:43:25Z,daylight,2,"Grenzlandring, Beeck, Wegberg, Kreis Heinsberg, Regierungsbezirk Köln, Nordrhein-Westfalen, 41844, Deutschland",146452275,15.0,%,63.89556962251663,km/h,,,1856.0398722290993,u/min,,,,,,,,,,,,,26.00000062957406,c,30.0,kPa,1.4794029414653778,precision,65.06045371717923,km/h,1.6931342780590057,precision,0.9068656444549561,precision,137.09068328049216,deg,113.42876754140916,m,7.999999940395355,%,23.529410614686867,%,1.875158962111671,l/h,5.704389825990545,g/s,4.406623560962427,kg/h,,,,,,,,,,,,,,,,,,,,,,,,,,,,,,,,,,,,,,,,,,,,,,,,,,,,,,,secondary,,,,,,,,,,,,,,,,,,,,,,,,,,,,,,,,,,,,,,,,,,,,,,,,,,,,,,,,,
57eab561e4b0f05fc22341d6,12.482059618048856,57cc950ce4b0f05fc1ccc615,2009,1242,gasoline,Ford,Fiesta,35,51.13759471084764,6.309638565998279,2016-09-27T15:43:30Z,daylight,2,"Grenzlandring, Beeck, Wegberg, Kreis Heinsberg, Regierungsbezirk Köln, Nordrhein-Westfalen, 41844, Deutschland",146452275,29.41290281713009,%,67.22204524278641,km/h,,,1960.745222568512,u/min,,,,,,,,,,,,,26.0,c,93.45880177617073,kPa,1.5136082023382187,precision,66.18079341543137,km/h,1.813608193397522,precision,1.0068040937185287,precision,137.38334514595908,deg,113.99331360016751,m,7.9999998807907104,%,83.59238105223221,%,6.1712182891747505,l/h,18.773360303860354,g/s,14.502362979560663,kg/h,,,,,,,,,,,,,,,,,,,,,,,,,,,,,,,,,,,,,,,,,,,,,,,,,,,,,,,secondary,,,,,,,,,,,,,,,,,,,,,,,,,,,,,,,,,,,,,,,,,,,,,,,,,,,,,,,,,
57eab561e4b0f05fc22341d6,12.482059618048856,57cc950ce4b0f05fc1ccc615,2009,1242,gasoline,Ford,Fiesta,36,51.13695119018641,6.310571377314327,2016-09-27T15:43:35Z,daylight,2,"Grenzlandring, Beeck, Wegberg, Kreis Heinsberg, Regierungsbezirk Köln, Nordrhein-Westfalen, 41844, Deutschland",146452275,20.000000447034836,%,70.99999788403511,km/h,,,2064.668896317482,u/min,,,,,,,,,,,,,24.99999962747097,c,59.0,kPa,1.3000000096857547,precision,70.448454954716,km/h,1.6072727389633656,precision,0.9145454607903958,precision,137.4648491991711,deg,116.08312133071584,m,8.00000011920929,%,53.17542382571787,%,4.116102256250739,l/h,12.521526072036101,g/s,9.672840302189238,kg/h,,,,,,,,,,,,,,,,,,,,,,,,,,,,,,,,,,,,,,,,,,,,,,,,,,,,,,,secondary,,,,,,,,,,,,,,,,,,,,,,,,,,,,,,,,,,,,,,,,,,,,,,,,,,,,,,,,,
57eab561e4b0f05fc22341d6,12.482059618048856,57cc950ce4b0f05fc1ccc615,2009,1242,gasoline,Ford,Fiesta,37,51.13631066178258,6.311467750597224,2016-09-27T15:43:40Z,daylight,2,"Grenzlandring, Beeck, Wegberg, Kreis Heinsberg, Regierungsbezirk Köln, Nordrhein-Westfalen, 41844, Deutschland",146410562,21.00000019557774,%,72.0,km/h,,,2102.600062698126,u/min,,,,,,,,,,,,,25.0,c,64.83788400888443,kPa,1.596881296671927,precision,71.4125892049737,km/h,1.796881297789514,precision,0.900000005029142,precision,140.06712818593115,deg,117.5939126566654,m,6.000000111758709,%,57.05032882453571,%,4.606480468588725,l/h,14.013297458819283,g/s,10.825229101183503,kg/h,,,,,,,,,,,,,,,,,,,,,,,,,,,,,,,,,,,,,,,,,,,,,,,,,,,,,,,secondary,,,,,,,,,,,,70,,,,,,,,,,,,,,,,,,,,,,,,,,,,,,,,,,,,,,,,,,,,,
57eab561e4b0f05fc22341d6,12.482059618048856,57cc950ce4b0f05fc1ccc615,2009,1242,gasoline,Ford,Fiesta,38,51.13554210159019,6.312248025175044,2016-09-27T15:43:45Z,daylight,2,"Grenzlandring, Beeck, Wegberg, Kreis Heinsberg, Regierungsbezirk Köln, Nordrhein-Westfalen, 41844, Deutschland",146410562,20.0,%,74.0,km/h,,,2157.9309003055096,u/min,,,,,,,,,,,,,25.0,c,59.000000439584255,kPa,1.2999999903142452,precision,73.51702851793141,km/h,1.5999999880790712,precision,0.7999999940395356,precision,151.80317130665082,deg,115.96402142022735,m,6.000000044703484,%,51.41955915478556,%,4.3020284358925105,l/h,13.087129004354674,g/s,10.1097668243474,kg/h,,,,,,,,,,,,,,,,,,,,,,,,,,,,,,,,,,,,,,,,,,,,,,,,,,,,,,,secondary,,,,,,,,,,,,70,,,,,,,,,,,,,,,,,,,,,,,,,,,,,,,,,,,,,,,,,,,,,
57eab561e4b0f05fc22341d6,12.482059618048856,57cc950ce4b0f05fc1ccc615,2009,1242,gasoline,Ford,Fiesta,39,51.13465696351517,6.312811090594805,2016-09-27T15:43:50Z,daylight,2,"Grenzlandring, Beeck, Wegberg, Kreis Heinsberg, Regierungsbezirk Köln, Nordrhein-Westfalen, 41844, Deutschland",146410562,19.74230146408081,%,75.0,km/h,,,2180.7607585787773,u/min,,,,,,,,,,,,,25.0,c,54.367048509418964,kPa,1.3071927875280382,precision,75.99277643621463,km/h,1.599999976158142,precision,0.799999988079071,precision,162.82997674873877,deg,117.176230471285,m,8.0,%,48.40730306636897,%,4.006152784653571,l/h,12.18705061698155,g/s,9.414459043935892,kg/h,,,,,,,,,,,,,,,,,,,,,,,,,,,,,,,,,,,,,,,,,,,,,,,,,,,,,,,secondary,,,,,,,,,,,,70,,,,,,,,,,,,,,,,,,,,,,,,,,,,,,,,,,,,,,,,,,,,,
57eab561e4b0f05fc22341d6,12.482059618048856,57cc950ce4b0f05fc1ccc615,2009,1242,gasoline,Ford,Fiesta,40,51.13376624401737,6.31307238475385,2016-09-27T15:43:55Z,daylight,2,"Grenzlandring, Beeck, Wegberg, Kreis Heinsberg, Regierungsbezirk Köln, Nordrhein-Westfalen, 41844, Deutschland",146410562,15.395461916923523,%,71.27287369966507,km/h,,,2079.013087414205,u/min,,,,,,,,,,,,,25.0,c,27.147058121860027,kPa,1.5000000279396772,precision,71.82914718178881,km/h,1.7000000316649675,precision,0.9000000167638064,precision,175.30653958749394,deg,117.84238812189624,m,6.000000044703484,%,20.20402385078168,%,1.907057219717745,l/h,5.801426983816357,g/s,4.481584466336701,kg/h,,,,,,,,,,,,,,,,,,,,,,,,,,,,,,,,,,,,,,,,,,,,,,,,,,,,,,,secondary,,,,,,,,,,,,70,,,,,,,,,,,,,,,,,,,,,,,,,,,,,,,,,,,,,,,,,,,,,
57eab561e4b0f05fc22341d6,12.482059618048856,57cc950ce4b0f05fc1ccc615,2009,1242,gasoline,Ford,Fiesta,41,51.132908096644016,6.313068731083449,2016-09-27T15:44:00Z,daylight,2,"Grenzlandring, Beeck, Wegberg, Kreis Heinsberg, Regierungsbezirk Köln, Nordrhein-Westfalen, 41844, Deutschland",146410562,13.390953540802002,%,64.99999806284904,km/h,,,1899.500780761242,u/min,,,,,,,,,,,,,26.000000774860382,c,22.161904845386744,kPa,1.499999988824129,precision,63.99039808779594,km/h,1.7907829396426678,precision,0.8999999932944776,precision,183.00456217378405,deg,117.5283476257971,m,6.218037843704224,%,16.063348585663874,%,1.4176730893455085,l/h,4.312679677213149,g/s,3.331531759961945,kg/h,,,,,,,,,,,,,,,,,,,,,,,,,,,,,,,,,,,,,,,,,,,,,,,,,,,,,,,secondary,,,,,,,,,,,,70,,,,,,,,,,,,,,,,,,,,,,,,,,,,,,,,,,,,,,,,,,,,,
57eab561e4b0f05fc22341d6,12.482059618048856,57cc950ce4b0f05fc1ccc615,2009,1242,gasoline,Ford,Fiesta,42,51.132156791533255,6.312873662877484,2016-09-27T15:44:05Z,daylight,2,"Grenzlandring, Beeck, Wegberg, Kreis Heinsberg, Regierungsbezirk Köln, Nordrhein-Westfalen, 41844, Deutschland",309924864,13.000000387430191,%,58.15692648291588,km/h,,,1678.673611085862,u/min,,,,,,,,,,,,,27.000000804662704,c,23.815834760665894,kPa,1.6362572982907295,precision,57.601823441023214,km/h,1.9362572960555553,precision,0.9181286484003067,precision,192.7334571045467,deg,117.44746298778354,m,8.00000011920929,%,16.86274528503418,%,1.3418756263219374,l/h,4.082097478240193,g/s,3.153407721856553,kg/h,,,,,,,,,,,,,,,,,,,,,,,,,,,,,,,,,,,,,,,,,,,,,,,,,,,,,,,secondary,,,,,,,,,,,,70,,,,,,yes,,,,,,,,,,,,,,,,,,,,,,,,,,,,,,,,,,,,,,,
57eab561e4b0f05fc22341d6,12.482059618048856,57cc950ce4b0f05fc1ccc615,2009,1242,gasoline,Ford,Fiesta,43,51.13154777216133,6.3125569067666305,2016-09-27T15:44:10Z,daylight,2,"Grenzlandring, Beeck, Wegberg, Kreis Heinsberg, Regierungsbezirk Köln, Nordrhein-Westfalen, 41844, Deutschland",309924864,12.999999612569809,%,51.00000075995922,km/h,,,1478.0100283026695,u/min,,,,,,,,,,,,,26.999999597668648,c,21.0,kPa,1.509881405904889,precision,50.57169840833373,km/h,1.7098814036697148,precision,0.8999999899417163,precision,199.69843399806462,deg,118.84538844429734,m,11.724276006221771,%,15.8949821031145,%,1.0417820493926502,l/h,3.1691878094232244,g/s,2.448187816072728,kg/h,,,,,,,,,,,,,,,,,,,,,,,,,,,,,,,,,,,,,,,,,,,,,,,,,,,,,,,secondary,,,,,,,,,,,,70,,,,,,yes,,,,,,,,,,,,,,,,,,,,,,,,,,,,,,,,,,,,,,,
57eab561e4b0f05fc22341d6,12.482059618048856,57cc950ce4b0f05fc1ccc615,2009,1242,gasoline,Ford,Fiesta,44,51.13100709147504,6.312165342788847,2016-09-27T15:44:15Z,daylight,2,"Grenzlandring, Beeck, Wegberg, Kreis Heinsberg, Regierungsbezirk Köln, Nordrhein-Westfalen, 41844, Deutschland",146390016,12.000000178813934,%,42.52730107307434,km/h,,,1726.0354974865913,u/min,,,,,,,,,,,,,27.983896106481552,c,20.0504732131958,kPa,1.700000025331974,precision,42.89385139970295,km/h,2.0000000298023224,precision,1.0972451955080034,precision,198.78607278271147,deg,120.47872563042765,m,7.999999761581421,%,14.040960871443843,%,1.1577992089114477,l/h,3.5221216767760333,g/s,2.720828140941902,kg/h,,,,,,,,,,,,,,,,,,,,,,,,,,,,,,,,,,,,,,,,,,,,,,,,,,,,,,,secondary,,,,,,,,,,,,70,,,,,,yes,,,,,,,,,,,,,,,,,,,,,,,,,,,,,,,,,,,,,,,
57eab561e4b0f05fc22341d6,12.482059618048856,57cc950ce4b0f05fc1ccc615,2009,1242,gasoline,Ford,Fiesta,45,51.13070370826178,6.312065742354527,2016-09-27T15:44:20Z,daylight,2,"Grenzlandring, Beeck, Wegberg, Kreis Heinsberg, Regierungsbezirk Köln, Nordrhein-Westfalen, 41844, Deutschland",146390016,11.999999642372131,%,8.34533540904522,km/h,,,819.2754106521606,u/min,,,,,,,,,,,,,27.999999853316694,c,32.0,kPa,1.7930501963943244,precision,8.554010350084207,km/h,2.0930501969531177,precision,1.0000000018626451,precision,185.5735041301852,deg,119.86511148086613,m,7.999999813735485,%,24.182574081786242,%,0.8770322692622463,l/h,2.6680052491181914,g/s,2.061025832766279,kg/h,,,,,,,,,,,,,,,,,,,,,,,,,,,,,,,,,,,,,,,,,,,,,,,,,,,,,,,secondary,,,,,,,,,,,,70,,,,,,yes,,,,,,,,,,,,,,,,,,,,,,,,,,,,,,,,,,,,,,,
57eab561e4b0f05fc22341d6,12.482059618048856,57cc950ce4b0f05fc1ccc615,2009,1242,gasoline,Ford,Fiesta,46,51.130687201550536,6.312064518782295,2016-09-27T15:44:25Z,daylight,2,"Grenzlandring, Beeck, Wegberg, Kreis Heinsberg, Regierungsbezirk Köln, Nordrhein-Westfalen, 41844, Deutschland",146390016,11.99999986588955,%,0.0,km/h,,,761.4243675768375,u/min,,,,,,,,,,,,,27.999999582767487,c,30.999999076128006,kPa,1.791401011124253,precision,0.0,km/h,2.095555608347058,precision,1.0373913306742906,precision,185.00581084183136,deg,119.638457209585,m,7.9999998807907104,%,23.213033765805676,%,0.7896308853558786,l/h,2.4021229558263624,g/s,1.8556325805863148,kg/h,,,,,,,,,,,,,,,,,,,,,,,,,,,,,,,,,,,,,,,,,,,,,,,,,,,,,,,secondary,,,,,,,,,,,,70,,,,,,yes,,,,,,,,,,,,,,,,,,,,,,,,,,,,,,,,,,,,,,,
57eab561e4b0f05fc22341d6,12.482059618048856,57cc950ce4b0f05fc1ccc615,2009,1242,gasoline,Ford,Fiesta,47,51.13068834441047,6.312064659867933,2016-09-27T15:44:30Z,daylight,2,"Grenzlandring, Beeck, Wegberg, Kreis Heinsberg, Regierungsbezirk Köln, Nordrhein-Westfalen, 41844, Deutschland",146390016,11.999999642372131,%,0.0,km/h,,,759.2231044471264,u/min,,,,,,,,,,,,,28.99999913573265,c,30.999999076128006,kPa,1.599999976158142,precision,0.0,km/h,1.9999999701976776,precision,1.0999999836087226,precision,185.00581497703354,deg,119.55832545901023,m,6.000000044703484,%,23.137254025421896,%,0.7847422603264681,l/h,2.3872513511014763,g/s,1.8441443117672,kg/h,,,,,,,,,,,,,,,,,,,,,,,,,,,,,,,,,,,,,,,,,,,,,,,,,,,,,,,secondary,,,,,,,,,,,,70,,,,,,yes,,,,,,,,,,,,,,,,,,,,,,,,,,,,,,,,,,,,,,,
57eab561e4b0f05fc22341d6,12.482059618048856,57cc950ce4b0f05fc1ccc615,2009,1242,gasoline,Ford,Fiesta,48,51.13068872536379,6.312064706896479,2016-09-27T15:44:35Z,daylight,2,"Grenzlandring, Beeck, Wegberg, Kreis Heinsberg, Regierungsbezirk Köln, Nordrhein-Westfalen, 41844, Deutschland",146390016,11.999999642372131,%,0.0,km/h,,,744.2919770926237,u/min,,,,,,,,,,,,,29.0,c,31.000000230968,kPa,1.621306484937668,precision,0.0,km/h,1.9213064759969711,precision,1.0893467009067537,precision,185.00581635543426,deg,119.5144038758395,m,6.000000089406967,%,23.137254025421896,%,0.7693092914496331,l/h,2.340302973697405,g/s,1.8078768349066379,kg/h,,,,,,,,,,,,,,,,,,,,,,,,,,,,,,,,,,,,,,,,,,,,,,,,,,,,,,,secondary,,,,,,,,,,,,70,,,,,,yes,,,,,,,,,,,,,,,,,,,,,,,,,,,,,,,,,,,,,,,
57eab561e4b0f05fc22341d6,12.482059618048856,57cc950ce4b0f05fc1ccc615,2009,1242,gasoline,Ford,Fiesta,49,51.13068643964392,6.312064424725202,2016-09-27T15:44:40Z,daylight,2,"Grenzlandring, Beeck, Wegberg, Kreis Heinsberg, Regierungsbezirk Köln, Nordrhein-Westfalen, 41844, Deutschland",146390016,11.999999642372131,%,0.0,km/h,,,745.8980040848255,u/min,,,,,,,,,,,,,29.000000432133675,c,30.320846915245056,kPa,1.5804733753204345,precision,0.0,km/h,1.890532547235489,precision,0.9502958595752716,precision,185.0058080850299,deg,119.47543777367372,m,15.999999523162842,%,22.930410046378483,%,0.7540787720012091,l/h,2.2939704643253447,g/s,1.7720851142028415,kg/h,,,,,,,,,,,,,,,,,,,,,,,,,,,,,,,,,,,,,,,,,,,,,,,,,,,,,,,secondary,,,,,,,,,,,,70,,,,,,yes,,,,,,,,,,,,,,,,,,,,,,,,,,,,,,,,,,,,,,,
57eab561e4b0f05fc22341d6,12.482059618048856,57cc950ce4b0f05fc1ccc615,2009,1242,gasoline,Ford,Fiesta,50,51.13068643964392,6.312064424725203,2016-09-27T15:44:45Z,daylight,2,"Grenzlandring, Beeck, Wegberg, Kreis Heinsberg, Regierungsbezirk Köln, Nordrhein-Westfalen, 41844, Deutschland",146390016,12.000000178813934,%,0.0,km/h,,,752.3927091658115,u/min,,,,,,,,,,,,,29.000000540167093,c,30.0,kPa,2.3852156415581702,precision,0.0,km/h,2.9704312562942503,precision,1.7655031070113183,precision,185.0058080850299,deg,119.44040629487185,m,8.673511028289795,%,23.00694824951711,%,0.7525957742142594,l/h,2.289459061474295,g/s,1.7686000694035096,kg/h,,,,,,,,,,,,,,,,,,,,,,,,,,,,,,,,,,,,,,,,,,,,,,,,,,,,,,,secondary,,,,,,,,,,,,70,,,,,,yes,,,,,,,,,,,,,,,,,,,,,,,,,,,,,,,,,,,,,,,
57eab561e4b0f05fc22341d6,12.482059618048856,57cc950ce4b0f05fc1ccc615,2009,1242,gasoline,Ford,Fiesta,51,51.130687582503846,6.31206456581084,2016-09-27T15:44:50Z,daylight,2,"Grenzlandring, Beeck, Wegberg, Kreis Heinsberg, Regierungsbezirk Köln, Nordrhein-Westfalen, 41844, Deutschland",146390016,12.430232431739569,%,0.0,km/h,,,788.429048538208,u/min,,,,,,,,,,,,,30.000000447034836,c,30.740739822387695,kPa,2.693326592445374,precision,0.0,km/h,3.0933265924453734,precision,1.5933265924453737,precision,185.0058122202321,deg,119.38414877519362,m,7.999999940395355,%,22.745098622406232,%,0.8054487289079362,l/h,2.4502421540653505,g/s,1.8928045129336502,kg/h,,,,,,,,,,,,,,,,,,,,,,,,,,,,,,,,,,,,,,,,,,,,,,,,,,,,,,,secondary,,,,,,,,,,,,70,,,,,,yes,,,,,,,,,,,,,,,,,,,,,,,,,,,,,,,,,,,,,,,
57eab561e4b0f05fc22341d6,12.482059618048856,57cc950ce4b0f05fc1ccc615,2009,1242,gasoline,Ford,Fiesta,52,51.13060509958382,6.31206019974468,2016-09-27T15:44:55Z,daylight,2,"Grenzlandring, Beeck, Wegberg, Kreis Heinsberg, Regierungsbezirk Köln, Nordrhein-Westfalen, 41844, Deutschland",146390016,12.999999903142452,%,12.000000357627869,km/h,,,905.2349262535572,u/min,,,,,,,,,,,,,29.0,c,40.6081081032753,kPa,1.4213064908981323,precision,12.203933245894262,km/h,1.621306484937668,precision,0.9106532394886017,precision,182.30353598944384,deg,118.6523689106958,m,7.999999761581421,%,33.45268452843334,%,1.2256599673426216,l/h,3.7285597589868664,g/s,2.880300923255161,kg/h,,,,,,,,,,,,,,,,,,,,,,,,,,,,,,,,,,,,,,,,,,,,,,,,,,,,,,,secondary,,,,,,,,,,,,70,,,,,,yes,,,,,,,,,,,,,,,,,,,,,,,,,,,,,,,,,,,,,,,
57eab561e4b0f05fc22341d6,12.482059618048856,57cc950ce4b0f05fc1ccc615,2009,1242,gasoline,Ford,Fiesta,53,51.13045252202266,6.312056296653334,2016-09-27T15:45:00Z,daylight,2,"Grenzlandring, Beeck, Wegberg, Kreis Heinsberg, Regierungsbezirk Köln, Nordrhein-Westfalen, 41844, Deutschland",309924863,12.694888174533844,%,14.000000417232513,km/h,,,1051.2632763683796,u/min,,,,,,,,,,,,,29.0,c,29.11881204135716,kPa,3.3652308240532873,precision,14.337739123051705,km/h,3.75774365067482,precision,1.6550769492983817,precision,176.42374581938384,deg,117.76024756028659,m,8.00000011920929,%,22.31202603097836,%,1.0206599875214446,l/h,3.1049327370391944,g/s,2.398550970675395,kg/h,,,,,,,,,,,,,,,,,,,,,,,,,,,,,,,,,,,,,,,,,,,,,,,,,,,,,,,secondary,,,,,,,,,,,,,,,,,,yes,,,,,,,,,,,,,,,,,,,,,,,,,,,,,,,,,,,,,,,
57eab561e4b0f05fc22341d6,12.482059618048856,57cc950ce4b0f05fc1ccc615,2009,1242,gasoline,Ford,Fiesta,54,51.13035179004325,6.312305312860821,2016-09-27T15:45:05Z,daylight,2,"L 127, Beeck, Wegberg, Kreis Heinsberg, Regierungsbezirk Köln, Nordrhein-Westfalen, 41844, Deutschland",146390036,18.999999433755875,%,21.849180653691292,km/h,,,1632.983341999352,u/min,,,,,,,,,,,,,29.0,c,59.63879597187042,kPa,1.9648330345749854,precision,22.725104621365546,km/h,2.3648330405354496,precision,1.3216110214591026,precision,84.33491987822867,deg,112.25121863993853,m,8.549950420856476,%,50.3349823304286,%,3.247181504134325,l/h,9.878196734035294,g/s,7.6308765347156635,kg/h,,,,,,,,,,,,,,,,,,,,,,,,,,,,,,,,,,,,,,,,,,,,,,,,,,,,,,,secondary,,,,,,,,,,,,70,,,,,,yes,,,,,,,,,,,,,,,,,,,,,,,,,,,,,,,,,,,,,,,
57eab561e4b0f05fc22341d6,12.482059618048856,57cc950ce4b0f05fc1ccc615,2009,1242,gasoline,Ford,Fiesta,55,51.130414130283576,6.312813024741423,2016-09-27T15:45:10Z,daylight,2,"L 127, Beeck, Wegberg, Kreis Heinsberg, Regierungsbezirk Köln, Nordrhein-Westfalen, 41844, Deutschland",146390038,18.622366309165955,%,30.015490589663386,km/h,,,1456.8355945795774,u/min,,,,,,,,,,,,,29.000000432133675,c,68.04376217722893,kPa,1.9370224982500075,precision,28.201933780477248,km/h,2.2246816515922547,precision,1.0876591414213181,precision,76.98952511558355,deg,110.65940361303578,m,12.0,%,61.08939165088145,%,3.3051776269973554,l/h,10.054625772794871,g/s,7.7671674234437855,kg/h,,,,,,,,,,,,,,,,,,,,,,,,,,,,,,,,,,,,,,,,,,,,,,,,,,,,,,,secondary,,,1,,,,,,,,,70,,,,,,yes,,,,,,,,,,,,,,,,,,,,,,,,,,,,,,,,,,,,,,,
57eab561e4b0f05fc22341d6,12.482059618048856,57cc950ce4b0f05fc1ccc615,2009,1242,gasoline,Ford,Fiesta,56,51.13047859558463,6.313433719616418,2016-09-27T15:45:15Z,daylight,2,"L 127, Beeck, Wegberg, Kreis Heinsberg, Regierungsbezirk Köln, Nordrhein-Westfalen, 41844, Deutschland",146390038,16.008264149539173,%,38.99999883770943,km/h,,,1470.1658099889755,u/min,,,,,,,,,,,,,27.0,c,31.48051953315735,kPa,1.6077399499714375,precision,41.314719565814244,km/h,1.900000014156103,precision,0.907739944756031,precision,80.59729338163004,deg,114.48791725159124,m,11.999999821186066,%,26.351403638519997,%,1.553418251829685,l/h,4.725627773586887,g/s,3.65053289179976,kg/h,,,,,,,,,,,,,,,,,,,,,,,,,,,,,,,,,,,,,,,,,,,,,,,,,,,,,,,secondary,,,1,,,,,,,,,70,,,,,,yes,,,,,,,,,,,,,,,,,,,,,,,,,,,,,,,,,,,,,,,
57eab561e4b0f05fc22341d6,12.482059618048856,57cc950ce4b0f05fc1ccc615,2009,1242,gasoline,Ford,Fiesta,57,51.1305235587158,6.314322188161452,2016-09-27T15:45:20Z,daylight,2,"L 127, Beeck, Wegberg, Kreis Heinsberg, Regierungsbezirk Köln, Nordrhein-Westfalen, 41844, Deutschland",146390038,86.0,%,48.00165143609047,km/h,,,1746.791599392891,u/min,,,,,,,,,,,,,26.999999195337296,c,101.0,kPa,1.8633434168994425,precision,46.96540764998082,km/h,2.063343418389559,precision,1.0816717095673085,precision,86.89165729713534,deg,117.11676205652685,m,16.00000023841858,%,89.80392456054688,%,5.921649028304687,l/h,18.014149814855216,g/s,13.915875216516016,kg/h,,,,,,,,,,,,,,,,,,,,,,,,,,,,,,,,,,,,,,,,,,,,,,,,,,,,,,,secondary,,,1,,,,,,,,,70,,,,,,yes,,,,,,,,,,,,,,,,,,,,,,,,,,,,,,,,,,,,,,,
57eab561e4b0f05fc22341d6,12.482059618048856,57cc950ce4b0f05fc1ccc615,2009,1242,gasoline,Ford,Fiesta,58,51.13046474190262,6.315334630419391,2016-09-27T15:45:25Z,daylight,2,"Am Alten Schlagbaum, Beeck, Wegberg, Kreis Heinsberg, Regierungsbezirk Köln, Nordrhein-Westfalen, 41844, Deutschland",146466931,14.488294303417206,%,50.366222232580185,km/h,,,1463.0149284750223,u/min,,,,,,,,,,,,,27.000000804662704,c,22.00000049173832,kPa,1.5895431235432627,precision,49.68923831994891,km/h,1.889543119072914,precision,0.9895431324839592,precision,97.57519669947919,deg,118.18855270736238,m,15.43600046634674,%,19.892452371699733,%,1.080318071276643,l/h,3.286417599329487,g/s,2.538747467500111,kg/h,,,,,,,,,,,,,,,,,,,,,,,,,,,,,,,,,,,,,,,,,,,,,,,,,,,,,,,secondary,,,,,,,,,,,,70,,,,,,,,,,,,,,,,,,,,,,,,,,,,,,,,,,,,,,,,,,,,,
57eab561e4b0f05fc22341d6,12.482059618048856,57cc950ce4b0f05fc1ccc615,2009,1242,gasoline,Ford,Fiesta,59,51.13031761097657,6.316378579132009,2016-09-27T15:45:30Z,daylight,2,"Am Alten Schlagbaum, Beeck, Wegberg, Kreis Heinsberg, Regierungsbezirk Köln, Nordrhein-Westfalen, 41844, Deutschland",146466931,17.527597934007645,%,53.80032205581665,km/h,,,1551.8844590820372,u/min,,,,,,,,,,,,,26.999999195337296,c,51.85950258374214,kPa,1.4305336385965346,precision,53.0101163994741,km/h,1.7203557819128037,precision,0.9101778924465179,precision,103.14690973367942,deg,117.75750157548019,m,8.0,%,43.95247608477928,%,2.7012695681818353,l/h,8.21748713220649,g/s,6.347983485227313,kg/h,,,,,,,,,,,,,,,,,,,,,,,,,,,,,,,,,,,,,,,,,,,,,,,,,,,,,,,secondary,,,,,,,,,,,,70,,,,,,,,,,,,,,,,,,,,,,,,,,,,,,,,,,,,,,,,,,,,,
57eab561e4b0f05fc22341d6,12.482059618048856,57cc950ce4b0f05fc1ccc615,2009,1242,gasoline,Ford,Fiesta,60,51.13014626434401,6.3174662938447534,2016-09-27T15:45:35Z,daylight,2,"Am Alten Schlagbaum, Beeck, Wegberg, Kreis Heinsberg, Regierungsbezirk Köln, Nordrhein-Westfalen, 41844, Deutschland",146466931,20.39545515179634,%,57.920245833694935,km/h,,,1684.3610348626971,u/min,,,,,,,,,,,,,27.0,c,73.78129729628563,kPa,1.8673652283847333,precision,57.494462064471094,km/h,2.1823352813720702,precision,1.0598802164196968,precision,105.36272945689313,deg,114.95853174632626,m,12.000000089406967,%,62.740239010058076,%,4.171206275156321,l/h,12.689157089548457,g/s,9.802334746617353,kg/h,,,,,,,,,,,,,,,,,,,,,,,,,,,,,,,,,,,,,,,,,,,,,,,,,,,,,,,secondary,,,,,,,,,,,,70,,,,,,,,,,,,,,,,,,,,,,,,,,,,,,,,,,,,,,,,,,,,,
57eab561e4b0f05fc22341d6,12.482059618048856,57cc950ce4b0f05fc1ccc615,2009,1242,gasoline,Ford,Fiesta,61,51.129964188299,6.318513924375259,2016-09-27T15:45:40Z,daylight,2,"Am Alten Schlagbaum, Beeck, Wegberg, Kreis Heinsberg, Regierungsbezirk Köln, Nordrhein-Westfalen, 41844, Deutschland",146466931,12.999999612569809,%,53.01176475547254,km/h,,,1541.1252517998219,u/min,,,,,,,,,,,,,26.999999597668648,c,23.0,kPa,1.89968652613461,precision,53.223286853083636,km/h,2.09968652673997,precision,1.0000000030267984,precision,105.88911940888403,deg,114.67625228472664,m,12.336000084877014,%,16.86274528503418,%,1.189723299967,l/h,3.6192374221079446,g/s,2.79584975492245,kg/h,,,,,,,,,,,,,,,,,,,,,,,,,,,,,,,,,,,,,,,,,,,,,,,,,,,,,,,secondary,,,,,,,,,,,,70,,,,,,,,,,,,,,,,,,,,,,,,,,,,,,,,,,,,,,,,,,,,,
57eab561e4b0f05fc22341d6,12.482059618048856,57cc950ce4b0f05fc1ccc615,2009,1242,gasoline,Ford,Fiesta,62,51.129753724928676,6.319428600212019,2016-09-27T15:45:45Z,daylight,2,"Am Alten Schlagbaum, Beeck, Wegberg, Kreis Heinsberg, Regierungsbezirk Köln, Nordrhein-Westfalen, 41844, Deutschland",146466931,13.000000193715096,%,47.7176079750061,km/h,,,1387.0804020166397,u/min,,,,,,,,,,,,,27.999999791383743,c,23.61912751197815,kPa,1.4956969298422336,precision,46.67569836874836,km/h,1.7913938462734225,precision,0.9000000100582839,precision,110.31846795660044,deg,113.71894372620297,m,12.000000089406967,%,17.254901628868254,%,1.0959762949411676,l/h,3.3340512205689437,g/s,2.575544293111744,kg/h,,,,,,,,,,,,,,,,,,,,,,,,,,,,,,,,,,,,,,,,,,,,,,,,,,,,,,,secondary,,,,,,,,,,,,70,,,,,,,,,,,,,,,,,,,,,,,,,,,,,,,,,,,,,,,,,,,,,
57eab561e4b0f05fc22341d6,12.482059618048856,57cc950ce4b0f05fc1ccc615,2009,1242,gasoline,Ford,Fiesta,63,51.129558999767745,6.320226721908058,2016-09-27T15:45:50Z,daylight,2,"Am Alten Schlagbaum, Beeck, Wegberg, Kreis Heinsberg, Regierungsbezirk Köln, Nordrhein-Westfalen, 41844, Deutschland",146466931,12.00000013411045,%,42.00000125169754,km/h,,,1116.269735455513,u/min,,,,,,,,,,,,,28.99999913573265,c,23.314091682434082,kPa,1.3044304087758065,precision,43.442255575659885,km/h,1.700000037997961,precision,1.095569644868374,precision,109.4323815088353,deg,113.19355536512523,m,11.999999821186066,%,16.332449817078754,%,0.8677279658206335,l/h,2.6397007826901855,g/s,2.0391607196784887,kg/h,,,,,,,,,,,,,,,,,,,,,,,,,,,,,,,,,,,,,,,,,,,,,,,,,,,,,,,secondary,,,,,,,,,,,,70,,,,,,,,,,,,,,,,,,,,,,,,,,,,,,,,,,,,,,,,,,,,,
57eab561e4b0f05fc22341d6,12.482059618048856,57cc950ce4b0f05fc1ccc615,2009,1242,gasoline,Ford,Fiesta,64,51.129406670548406,6.32088781646776,2016-09-27T15:45:55Z,daylight,2,"Am Alten Schlagbaum, Beeck, Wegberg, Kreis Heinsberg, Regierungsbezirk Köln, Nordrhein-Westfalen, 41844, Deutschland",208033984,86.00000128149986,%,43.26499870419502,km/h,,,2136.313213944435,u/min,,,,,,,,,,,,,28.75,c,101.0,kPa,1.315010142326355,precision,42.83559079189126,km/h,1.6150101423263552,precision,0.9075050711631775,precision,108.95403643543,deg,114.16745141316713,m,11.999999821186066,%,91.443382143696,%,7.200153067010154,l/h,21.903465642600473,g/s,16.920359707473864,kg/h,,,,,,,,,,,,,,,,,,,,,,,,,,,,,,,,,,,,,,,,,,,,,,,,,,,,,,,secondary,,,,,,,,,,,,70,,,,,,,,,,,,,,,,,,,,,,,,,,,,,,,,,,,,,,,,,,,,,
57eab561e4b0f05fc22341d6,12.482059618048856,57cc950ce4b0f05fc1ccc615,2009,1242,gasoline,Ford,Fiesta,65,51.12921575196599,6.3218671241194215,2016-09-27T15:46:00Z,daylight,2,"Am Alten Schlagbaum, Beeck, Wegberg, Kreis Heinsberg, Regierungsbezirk Köln, Nordrhein-Westfalen, 41844, Deutschland",208033984,85.99999743700027,%,58.42904841899872,km/h,,,2140.171444527805,u/min,,,,,,,,,,,,,26.999999195337296,c,101.00000037625432,kPa,1.499999988824129,precision,57.59437109073937,km/h,1.6999999873340128,precision,0.8999999932944776,precision,106.3684643022633,deg,115.87117034910987,m,15.585365504026413,%,91.37255232591258,%,7.255212474407425,l/h,22.07096094818692,g/s,17.049749314857447,kg/h,,,,,,,,,,,,,,,,,,,,,,,,,,,,,,,,,,,,,,,,,,,,,,,,,,,,,,,secondary,,,,,,,,,,,,70,,,,,,,,,,,,,,,,,,,,,,,,,,,,,,,,,,,,,,,,,,,,,
57eab561e4b0f05fc22341d6,12.482059618048856,57cc950ce4b0f05fc1ccc615,2009,1242,gasoline,Ford,Fiesta,66,51.12899302986386,6.323039128783352,2016-09-27T15:46:05Z,daylight,2,"Am Alten Schlagbaum, Beeck, Wegberg, Kreis Heinsberg, Regierungsbezirk Köln, Nordrhein-Westfalen, 41844, Deutschland",208033985,86.00000128149986,%,68.0821927934885,km/h,,,1973.4440677165985,u/min,,,,,,,,,,,,,26.999999798834324,c,101.00000301003456,kPa,1.3189910784363748,precision,65.93265786311838,km/h,1.5284866243600845,precision,0.899999986588955,precision,105.66191399411059,deg,117.7407528422089,m,12.000000178813934,%,92.94117736816406,%,6.690004391390406,l/h,20.351550858975564,g/s,15.721510319767455,kg/h,,,,,,,,,,,,,,,,,,,,,,,,,,,,,,,,,,,,,,,,,,,,,,,,,,,,,,,secondary,,,,,,,,,,,,70,,,,,,,,,,,,,,,,,,,,,,,,,,,,,,,,,,,,,,,,,,,,,
57eab561e4b0f05fc22341d6,12.482059618048856,57cc950ce4b0f05fc1ccc615,2009,1242,gasoline,Ford,Fiesta,67,51.12875821208441,6.324411982779143,2016-09-27T15:46:10Z,daylight,2,"Am Alten Schlagbaum, Beeck, Wegberg, Kreis Heinsberg, Regierungsbezirk Köln, Nordrhein-Westfalen, 41844, Deutschland",208033985,22.000000327825546,%,72.99999836832285,km/h,,,2111.111110985279,u/min,,,,,,,,,,,,,27.000000301748514,c,70.54242718219757,kPa,1.5935548841953278,precision,72.20784206295497,km/h,1.7935548841953277,precision,0.9,precision,105.69074268879359,deg,116.63706337875345,m,7.999999940395355,%,63.04116524304527,%,4.9985228698729784,l/h,15.205923113726088,g/s,11.7465287442015,kg/h,,,,,,,,,,,,,,,,,,,,,,,,,,,,,,,,,,,,,,,,,,,,,,,,,,,,,,,secondary,,,,,,,,,,,,70,,,,,,,,,,,,,,,,,,,,,,,,,,,,,,,,,,,,,,,,,,,,,
57eab561e4b0f05fc22341d6,12.482059618048856,57cc950ce4b0f05fc1ccc615,2009,1242,gasoline,Ford,Fiesta,68,51.128528450374326,6.325837697268765,2016-09-27T15:46:15Z,daylight,2,"Am Alten Schlagbaum, Beeck, Wegberg, Kreis Heinsberg, Regierungsbezirk Köln, Nordrhein-Westfalen, 41844, Deutschland",200237366,19.905316062271595,%,75.0,km/h,,,2166.808077931404,u/min,,,,,,,,,,,,,27.0,c,54.47446537017822,kPa,1.2999999903142454,precision,74.07716213306617,km/h,1.5083082973957063,precision,0.8999999932944776,precision,105.98434240303942,deg,114.56972875648111,m,7.999999821186066,%,47.50783386919221,%,3.961809750559777,l/h,12.05215541201539,g/s,9.310252913815477,kg/h,,,,,,,,,,,,,,,,,,,,,,,,,,,,,,,,,,,,,,,,,,,,,,,,,,,,,,,secondary,,,,,,,,,,,,70,,,,,,,,,,,,,,,,,,,,,,,,,,,,,,,,,,,,,,,,,,,,,
57eab561e4b0f05fc22341d6,12.482059618048856,57cc950ce4b0f05fc1ccc615,2009,1242,gasoline,Ford,Fiesta,69,51.128285752769095,6.327238740692327,2016-09-27T15:46:20Z,daylight,2,"Am Alten Schlagbaum, Beeck, Wegberg, Kreis Heinsberg, Regierungsbezirk Köln, Nordrhein-Westfalen, 41844, Deutschland",200237366,20.680272102355957,%,73.00000217556953,km/h,,,2110.289026260376,u/min,,,,,,,,,,,,,26.999999195337296,c,63.62675115466118,kPa,1.2999999903142454,precision,72.1910627990078,km/h,1.499999988824129,precision,0.8999999932944776,precision,105.5756016921564,deg,116.26833041998756,m,9.179283142089844,%,55.72850664559172,%,4.506733567953991,l/h,13.709859074846701,g/s,10.59082388469188,kg/h,,,,,,,,,,,,,,,,,,,,,,,,,,,,,,,,,,,,,,,,,,,,,,,,,,,,,,,secondary,,,,,,,,,,,,70,,,,,,,,,,,,,,,,,,,,,,,,,,,,,,,,,,,,,,,,,,,,,
57eab561e4b0f05fc22341d6,12.482059618048856,57cc950ce4b0f05fc1ccc615,2009,1242,gasoline,Ford,Fiesta,70,51.128038262373494,6.32864121032567,2016-09-27T15:46:25Z,daylight,2,"Am Alten Schlagbaum, Beeck, Wegberg, Kreis Heinsberg, Regierungsbezirk Köln, Nordrhein-Westfalen, 41844, Deutschland",200237365,20.99999937415123,%,75.00000055879354,km/h,,,2172.6122480630875,u/min,,,,,,,,,,,,,26.999999195337296,c,63.794701993465424,kPa,1.499999988824129,precision,74.26115587557615,km/h,1.6999999873340128,precision,0.8999999932944776,precision,105.63052792120561,deg,117.54478898618717,m,12.585657358169556,%,55.05832534683759,%,4.65207846955094,l/h,14.152010377579753,g/s,10.93238440344471,kg/h,,,,,,,,,,,,,,,,,,,,,,,,,,,,,,,,,,,,,,,,,,,,,,,,,,,,,,,secondary,,,,,,,,,,,,70,,,,,,,,,,,,,,,,,,,,,,,,,,,,,,,,,,,,,,,,,,,,,
57eab561e4b0f05fc22341d6,12.482059618048856,57cc950ce4b0f05fc1ccc615,2009,1242,gasoline,Ford,Fiesta,71,51.127792003302204,6.330084152022708,2016-09-27T15:46:30Z,daylight,2,"Am Alten Schlagbaum, Beeck, Wegberg, Kreis Heinsberg, Regierungsbezirk Köln, Nordrhein-Westfalen, 41844, Deutschland",200237365,17.999999463558197,%,76.82305079698563,km/h,,,2220.197025924921,u/min,,,,,,,,,,,,,26.999999622814357,c,38.954471588134766,kPa,1.4999999776482582,precision,76.04102492218345,km/h,1.6999999746680259,precision,0.899999986588955,precision,104.19302810238531,deg,117.45314165774423,m,7.999999821186066,%,33.549379448527134,%,2.9028796347703696,l/h,8.830801755607695,g/s,6.821767141710369,kg/h,,,,,,,,,,,,,,,,,,,,,,,,,,,,,,,,,,,,,,,,,,,,,,,,,,,,,,,secondary,,,,,,,,,,,,70,,,,,,,,,,,,,,,,,,,,,,,,,,,,,,,,,,,,,,,,,,,,,
57eab561e4b0f05fc22341d6,12.482059618048856,57cc950ce4b0f05fc1ccc615,2009,1242,gasoline,Ford,Fiesta,72,51.12755200279862,6.331497047976259,2016-09-27T15:46:35Z,daylight,2,"Am Alten Schlagbaum, Beeck, Wegberg, Kreis Heinsberg, Regierungsbezirk Köln, Nordrhein-Westfalen, 41844, Deutschland",200237365,12.999999612569809,%,69.56000000238419,km/h,,,2018.5945949554443,u/min,,,,,,,,,,,,,28.000000834465027,c,20.999999687075615,kPa,1.5631682932376862,precision,70.0033098471356,km/h,1.772376210987568,precision,0.890792065858841,precision,106.4206710585413,deg,116.18309330240555,m,8.000000238418579,%,14.901960678252511,%,1.4180908903815381,l/h,4.313950662781504,g/s,3.332513592396615,kg/h,,,,,,,,,,,,,,,,,,,,,,,,,,,,,,,,,,,,,,,,,,,,,,,,,,,,,,,secondary,,,,,,,,,,,,70,,,,,,,,,,,,,,,,,,,,,,,,,,,,,,,,,,,,,,,,,,,,,
57eab561e4b0f05fc22341d6,12.482059618048856,57cc950ce4b0f05fc1ccc615,2009,1242,gasoline,Ford,Fiesta,73,51.12729028857782,6.332732396701775,2016-09-27T15:46:41Z,daylight,2,"Am Alten Schlagbaum, Beeck, Wegberg, Kreis Heinsberg, Regierungsbezirk Köln, Nordrhein-Westfalen, 41844, Deutschland",200237365,13.0,%,62.0,km/h,,,1791.8197368010879,u/min,,,,,,,,,,,,,29.0,c,22.999999828636646,kPa,1.79999997317791,precision,62.271215953616775,km/h,2.1423259913921355,precision,1.084652030467987,precision,107.98873430732056,deg,115.75520035167902,m,15.448959350585938,%,16.767848664878784,%,1.3740992159251826,l/h,4.180124323112399,g/s,3.229133157424179,kg/h,,,,,,,,,,,,,,,,,,,,,,,,,,,,,,,,,,,,,,,,,,,,,,,,,,,,,,,secondary,,,,,,,,,,,,70,,,,,,,,,,,,,,,,,,,,,,,,,,,,,,,,,,,,,,,,,,,,,
57eab561e4b0f05fc22341d6,12.482059618048856,57cc950ce4b0f05fc1ccc615,2009,1242,gasoline,Ford,Fiesta,74,51.1270658367492,6.333848404896039,2016-09-27T15:46:46Z,daylight,2,"Am Alten Schlagbaum, Beeck, Wegberg, Kreis Heinsberg, Regierungsbezirk Köln, Nordrhein-Westfalen, 41844, Deutschland",200237365,12.394914895296097,%,54.07475043088198,km/h,,,1554.1206251606345,u/min,,,,,,,,,,,,,29.999999552965164,c,22.230392158031464,kPa,1.25652596950531,precision,53.47444363118234,km/h,1.5565259605646133,precision,0.9141314744949341,precision,107.28300475531432,deg,117.07625518886289,m,8.0,%,15.69607855385425,%,1.1481346338579772,l/h,3.492721234082121,g/s,2.6981163895662466,kg/h,,,,,,,,,,,,,,,,,,,,,,,,,,,,,,,,,,,,,,,,,,,,,,,,,,,,,,,secondary,,,,,,,,,,,,70,,,,,,,,,,,,,,,,,,,,,,,,,,,,,,,,,,,,,,,,,,,,,
57eab561e4b0f05fc22341d6,12.482059618048856,57cc950ce4b0f05fc1ccc615,2009,1242,gasoline,Ford,Fiesta,75,51.12692198815714,6.334756480592832,2016-09-27T15:46:50Z,daylight,2,"Am Alten Schlagbaum, Beeck, Wegberg, Kreis Heinsberg, Regierungsbezirk Köln, Nordrhein-Westfalen, 41844, Deutschland",200237365,12.903009742498398,%,46.767557829618454,km/h,,,1997.6905102729797,u/min,,,,,,,,,,,,,30.0,c,18.872910261154175,kPa,1.409960201382637,precision,47.026423225796066,km/h,1.8000000536441803,precision,1.009960189461708,precision,99.10037292738275,deg,117.19433216248993,m,8.589641690254211,%,12.87779745226402,%,1.2529335843437515,l/h,3.8115283747057203,g/s,2.9443939232078162,kg/h,,,,,,,,,,,,,,,,,,,,,,,,,,,,,,,,,,,,,,,,,,,,,,,,,,,,,,,secondary,,,,,,,,,,,,70,,,,,,,,,,,,,,,,,,,,,,,,,,,,,,,,,,,,,,,,,,,,,
57eab561e4b0f05fc22341d6,12.482059618048856,57cc950ce4b0f05fc1ccc615,2009,1242,gasoline,Ford,Fiesta,76,51.126868475078325,6.335571369389598,2016-09-27T15:46:55Z,daylight,2,"Am Alten Schlagbaum, Beeck, Wegberg, Kreis Heinsberg, Regierungsbezirk Köln, Nordrhein-Westfalen, 41844, Deutschland",200237365,11.999999642372131,%,35.55499893426895,km/h,,,1220.1739501655102,u/min,,,,,,,,,,,,,31.0,c,22.0,kPa,1.3490982070565223,precision,35.814257860183716,km/h,1.6490982092916968,precision,0.9196392856538296,precision,94.71380233764648,deg,118.21902814702571,m,8.0,%,15.681832800644539,%,0.8891502409179165,l/h,2.704869128725712,g/s,2.089503066157104,kg/h,,,,,,,,,,,,,,,,,,,,,,,,,,,,,,,,,,,,,,,,,,,,,,,,,,,,,,,secondary,,,,,,,,,,,,70,,,,,,,,,,,,,,,,,,,,,,,,,,,,,,,,,,,,,,,,,,,,,
57eab561e4b0f05fc22341d6,12.482059618048856,57cc950ce4b0f05fc1ccc615,2009,1242,gasoline,Ford,Fiesta,77,51.126853968174366,6.33601351067495,2016-09-27T15:47:00Z,daylight,2,"Am Alten Schlagbaum, Beeck, Wegberg, Kreis Heinsberg, Regierungsbezirk Köln, Nordrhein-Westfalen, 41844, Deutschland",146466934,12.000000357627869,%,7.742525011301041,km/h,,,768.3133447766304,u/min,,,,,,,,,,,,,31.0,c,30.999999076128006,kPa,1.6784431636333463,precision,7.391439294829979,km/h,2.071257546544075,precision,1.1784431487321851,precision,93.63846518368672,deg,119.78718253188576,m,7.999999940395355,%,23.529410614686867,%,0.7889160256004427,l/h,2.3999482928786797,g/s,1.8539526601610405,kg/h,,,,,,,,,,,,,,,,,,,,,,,,,,,,,,,,,,,,,,,,,,,,,,,,,,,,,,,secondary,,,,,,,,,,,,70,,,,,,yes,,,,,,,,,,,,,,,,,,,,,,,,,,,,,,,,,,,,,,,
57eab561e4b0f05fc22341d6,12.482059618048856,57cc950ce4b0f05fc1ccc615,2009,1242,gasoline,Ford,Fiesta,78,51.12685587279811,6.336013746709849,2016-09-27T15:47:06Z,daylight,2,"Am Alten Schlagbaum, Beeck, Wegberg, Kreis Heinsberg, Regierungsbezirk Köln, Nordrhein-Westfalen, 41844, Deutschland",146466932,12.000000357627869,%,0.0,km/h,,,769.2220367789268,u/min,,,,,,,,,,,,,30.999999538064003,c,30.999999076128006,kPa,1.4000000417232514,precision,0.0,km/h,1.8000000536441803,precision,1.1000000327825548,precision,93.6384686719914,deg,119.93756567883572,m,8.000000238418579,%,23.328155338714055,%,0.7898490858023678,l/h,2.4027867397679525,g/s,1.8561453516355644,kg/h,,,,,,,,,,,,,,,,,,,,,,,,,,,,,,,,,,,,,,,,,,,,,,,,,,,,,,,secondary,,,,,,,,,,,,70,,,,,,yes,,,,,,,,,,,,,,,,,,,,,,,,,,,,,,,,,,,,,,,
57eab561e4b0f05fc22341d6,12.482059618048856,57cc950ce4b0f05fc1ccc615,2009,1242,gasoline,Ford,Fiesta,79,51.12685358724963,6.33601346346797,2016-09-27T15:47:10Z,daylight,2,"Am Alten Schlagbaum, Beeck, Wegberg, Kreis Heinsberg, Regierungsbezirk Köln, Nordrhein-Westfalen, 41844, Deutschland",146466934,11.999999821186066,%,0.0,km/h,,,765.2595675587654,u/min,,,,,,,,,,,,,31.036605656147003,c,30.00000089406967,kPa,1.900000014156103,precision,0.0,km/h,2.2888889059424398,precision,1.1888888977468013,precision,93.63846448602578,deg,119.96959604916619,m,11.159274011850357,%,22.859827547057137,%,0.7603411416357113,l/h,2.3130211146176367,g/s,1.7868016828439217,kg/h,,,,,,,,,,,,,,,,,,,,,,,,,,,,,,,,,,,,,,,,,,,,,,,,,,,,,,,secondary,,,,,,,,,,,,70,,,,,,yes,,,,,,,,,,,,,,,,,,,,,,,,,,,,,,,,,,,,,,,
57eab561e4b0f05fc22341d6,12.482059618048856,57cc950ce4b0f05fc1ccc615,2009,1242,gasoline,Ford,Fiesta,80,51.12685358724962,6.33601346346797,2016-09-27T15:47:15Z,daylight,2,"Am Alten Schlagbaum, Beeck, Wegberg, Kreis Heinsberg, Regierungsbezirk Köln, Nordrhein-Westfalen, 41844, Deutschland",146466934,11.999999910593033,%,0.0,km/h,,,759.7168575525284,u/min,,,,,,,,,,,,,32.000000953674316,c,31.000000923871994,kPa,1.888465506210923,precision,0.0,km/h,2.2826982572674748,precision,1.18846550360322,precision,93.63846448602578,deg,120.00198772300163,m,6.216599106788635,%,23.1372548873518,%,0.777532651810041,l/h,2.3653191211937954,g/s,1.8272017317535965,kg/h,,,,,,,,,,,,,,,,,,,,,,,,,,,,,,,,,,,,,,,,,,,,,,,,,,,,,,,secondary,,,,,,,,,,,,70,,,,,,yes,,,,,,,,,,,,,,,,,,,,,,,,,,,,,,,,,,,,,,,
57eab561e4b0f05fc22341d6,12.482059618048856,57cc950ce4b0f05fc1ccc615,2009,1242,gasoline,Ford,Fiesta,81,51.12685434909912,6.33601355788193,2016-09-27T15:47:20Z,daylight,2,"Am Alten Schlagbaum, Beeck, Wegberg, Kreis Heinsberg, Regierungsbezirk Köln, Nordrhein-Westfalen, 41844, Deutschland",146466934,12.000000357627869,%,0.0,km/h,,,767.3427267074585,u/min,,,,,,,,,,,,,32.0,c,30.999999191612005,kPa,1.600000011920929,precision,0.0,km/h,1.8065723083913328,precision,0.9065723016858102,precision,93.63846588134766,deg,120.03062088859828,m,6.0,%,23.05815906522281,%,0.7853373105227706,l/h,2.389061543386145,g/s,1.8455426797285108,kg/h,,,,,,,,,,,,,,,,,,,,,,,,,,,,,,,,,,,,,,,,,,,,,,,,,,,,,,,secondary,,,,,,,,,,,,70,,,,,,yes,,,,,,,,,,,,,,,,,,,,,,,,,,,,,,,,,,,,,,,
57eab561e4b0f05fc22341d6,12.482059618048856,57cc950ce4b0f05fc1ccc615,2009,1242,gasoline,Ford,Fiesta,82,51.126854730023865,6.336013605088909,2016-09-27T15:47:25Z,daylight,2,"Am Alten Schlagbaum, Beeck, Wegberg, Kreis Heinsberg, Regierungsbezirk Köln, Nordrhein-Westfalen, 41844, Deutschland",146466932,12.0,%,0.0,km/h,,,756.1926910281181,u/min,,,,,,,,,,,,,31.999999523162842,c,30.362581878900528,kPa,1.6070858046412468,precision,0.0,km/h,1.9141716286540031,precision,1.0070858135819436,precision,93.6384665790086,deg,120.04632284388096,m,12.000000089406967,%,23.157549966091437,%,0.758012456214387,l/h,2.3059370595088495,g/s,1.7813292721038094,kg/h,,,,,,,,,,,,,,,,,,,,,,,,,,,,,,,,,,,,,,,,,,,,,,,,,,,,,,,secondary,,,,,,,,,,,,70,,,,,,yes,,,,,,,,,,,,,,,,,,,,,,,,,,,,,,,,,,,,,,,
57eab561e4b0f05fc22341d6,12.482059618048856,57cc950ce4b0f05fc1ccc615,2009,1242,gasoline,Ford,Fiesta,83,51.12685396817437,6.33601351067495,2016-09-27T15:47:30Z,daylight,2,"Am Alten Schlagbaum, Beeck, Wegberg, Kreis Heinsberg, Regierungsbezirk Köln, Nordrhein-Westfalen, 41844, Deutschland",146466934,12.000000178813934,%,0.0,km/h,,,762.8704319000244,u/min,,,,,,,,,,,,,32.00000047683716,c,29.99999910593033,kPa,1.3295704111456872,precision,0.0,km/h,1.629570406675339,precision,0.8147852033376695,precision,93.63846518368672,deg,120.06023839535598,m,11.585929572582245,%,22.626870358144686,%,0.7555743231874905,l/h,2.2985200556632788,g/s,1.7755996594906027,kg/h,,,,,,,,,,,,,,,,,,,,,,,,,,,,,,,,,,,,,,,,,,,,,,,,,,,,,,,secondary,,,,,,,,,,,,70,,,,,,yes,,,,,,,,,,,,,,,,,,,,,,,,,,,,,,,,,,,,,,,
57eab561e4b0f05fc22341d6,12.482059618048856,57cc950ce4b0f05fc1ccc615,2009,1242,gasoline,Ford,Fiesta,84,51.12685473002387,6.336013605088909,2016-09-27T15:47:35Z,daylight,2,"Am Alten Schlagbaum, Beeck, Wegberg, Kreis Heinsberg, Regierungsbezirk Köln, Nordrhein-Westfalen, 41844, Deutschland",146466932,12.66887378692627,%,0.0,km/h,,,756.7131011486053,u/min,,,,,,,,,,,,,32.33166763186455,c,29.999999552965164,kPa,2.0633830532431605,precision,0.0,km/h,2.56338304579258,precision,1.3999999791383742,precision,93.6384665790086,deg,120.0735644611011,m,8.000000059604645,%,23.363120751301476,%,0.7486621724620435,l/h,2.277492717143908,g/s,1.7593561052858022,kg/h,,,,,,,,,,,,,,,,,,,,,,,,,,,,,,,,,,,,,,,,,,,,,,,,,,,,,,,secondary,,,,,,,,,,,,70,,,,,,yes,,,,,,,,,,,,,,,,,,,,,,,,,,,,,,,,,,,,,,,
57eab561e4b0f05fc22341d6,12.482059618048856,57cc950ce4b0f05fc1ccc615,2009,1242,gasoline,Ford,Fiesta,85,51.12684730228996,6.336207131847778,2016-09-27T15:47:40Z,daylight,2,"Am Alten Schlagbaum, Beeck, Wegberg, Kreis Heinsberg, Regierungsbezirk Köln, Nordrhein-Westfalen, 41844, Deutschland",146466934,12.852791905403137,%,10.999999672174454,km/h,,,753.1600110679865,u/min,,,,,,,,,,,,,31.000000923871994,c,36.704318672418594,kPa,1.6785713896155356,precision,10.799358909943805,km/h,1.9714285254478454,precision,0.9928571201860905,precision,93.81888440533203,deg,120.28048667375595,m,11.578947186470032,%,29.183169885625603,%,0.915661890664452,l/h,2.7855197765588184,g/s,2.151805443061462,kg/h,,,,,,,,,,,,,,,,,,,,,,,,,,,,,,,,,,,,,,,,,,,,,,,,,,,,,,,secondary,,,,,,,,,,,,70,,,,,,yes,,,,,,,,,,,,,,,,,,,,,,,,,,,,,,,,,,,,,,,
57eab561e4b0f05fc22341d6,12.482059618048856,57cc950ce4b0f05fc1ccc615,2009,1242,gasoline,Ford,Fiesta,86,51.126830141222605,6.336395816384329,2016-09-27T15:47:45Z,daylight,2,"Am Alten Schlagbaum, Beeck, Wegberg, Kreis Heinsberg, Regierungsbezirk Köln, Nordrhein-Westfalen, 41844, Deutschland",146466934,15.455149531364441,%,14.0605563595891,km/h,,,1065.3311733603477,u/min,,,,,,,,,,,,,31.99999976158142,c,46.56738629937172,kPa,1.2922613352537156,precision,13.624945460429089,km/h,1.5922613419592382,precision,0.8922613263130188,precision,91.93859244394082,deg,120.39362356188003,m,8.00000011920929,%,41.839264327506385,%,1.6378407257757845,l/h,4.982447974537084,g/s,3.8489257055730937,kg/h,,,,,,,,,,,,,,,,,,,,,,,,,,,,,,,,,,,,,,,,,,,,,,,,,,,,,,,secondary,,,,,,,,,,,,70,,,,,,yes,,,,,,,,,,,,,,,,,,,,,,,,,,,,,,,,,,,,,,,
57eab561e4b0f05fc22341d6,12.482059618048856,57cc950ce4b0f05fc1ccc615,2009,1242,gasoline,Ford,Fiesta,87,51.12702468388468,6.336625845047211,2016-09-27T15:47:50Z,daylight,2,"B 57, Beeck, Wegberg, Kreis Heinsberg, Regierungsbezirk Köln, Nordrhein-Westfalen, 41844, Deutschland",146466929,17.391849517822266,%,29.000000432133675,km/h,,,2124.7216172218323,u/min,,,,,,,,,,,,,30.999999191612005,c,40.886400282382965,kPa,1.2163225173950196,precision,28.003942750092392,km/h,1.424483776092529,precision,0.8081612586975099,precision,16.972540373987954,deg,120.23672742696661,m,11.999999642372131,%,36.21598695415537,%,2.8774754999693815,l/h,8.753520260531856,g/s,6.762067424928047,kg/h,,,,,,,,,,,,,,,,,,,,,,,,,,,,,,,,,,,,,,,,,,,,,,,,,,,,,,,primary,,,,,,,,,,,,,,,,,,,,,,,,,,,,,,,,,,,,,,,,,,,,,,,,,,,,,,,,,
57eab561e4b0f05fc22341d6,12.482059618048856,57cc950ce4b0f05fc1ccc615,2009,1242,gasoline,Ford,Fiesta,88,51.127387267501774,6.33672217644001,2016-09-27T15:47:55Z,daylight,2,"Schriefersmühle, Mönchengladbach, Regierungsbezirk Düsseldorf, Nordrhein-Westfalen, 41179, Deutschland",146513932,18.000000335276127,%,36.38758280873299,km/h,,,1780.6610706746578,u/min,,,,,,,,,,,,,30.0,c,55.5728460252285,kPa,1.3000000387430193,precision,35.603399984722785,km/h,1.5081000447273254,precision,0.800000023841858,precision,8.869842265054956,deg,119.6012568399566,m,8.000000178813934,%,47.44645835591072,%,3.288553198831312,l/h,10.004052876944753,g/s,7.728100017253584,kg/h,,,,,,,,,,,,,,,,,,,,,,,,,,,,,,,,,,,,,,,,,,,,,,,,,,,,,,,primary,,,,,,,,,,,,,,,,,,,,,,,,,,,,,,,,,,,,,,,,,,,,,,,,,,,,,,,,,
57eab561e4b0f05fc22341d6,12.482059618048856,57cc950ce4b0f05fc1ccc615,2009,1242,gasoline,Ford,Fiesta,89,51.12788415239668,6.336815667480704,2016-09-27T15:48:01Z,daylight,2,"Schriefersmühle, Mönchengladbach, Regierungsbezirk Düsseldorf, Nordrhein-Westfalen, 41179, Deutschland",146513932,20.590682208538055,%,45.745422929525375,km/h,,,1691.7458446323872,u/min,,,,,,,,,,,,,29.0,c,67.91544867306948,kPa,1.624319078028202,precision,45.219406441907495,km/h,1.9243190802633763,precision,1.0000000074505806,precision,7.584824250103139,deg,118.7029059975988,m,12.0,%,59.01085965189088,%,3.8308895916956827,l/h,11.653885378737575,g/s,9.002590540484855,kg/h,,,,,,,,,,,,,,,,,,,,,,,,,,,,,,,,,,,,,,,,,,,,,,,,,,,,,,,primary,,,,,,,,,,,,,,,,,,,,,,,,,,,,,,,,,,,,,,,,,,,,,,,,,,,,,,,,,
57eab561e4b0f05fc22341d6,12.482059618048856,57cc950ce4b0f05fc1ccc615,2009,1242,gasoline,Ford,Fiesta,90,51.12846060494,6.3369280742664955,2016-09-27T15:48:06Z,daylight,2,"Schriefersmühle, Mönchengladbach, Regierungsbezirk Düsseldorf, Nordrhein-Westfalen, 41179, Deutschland",146513932,18.377551585435867,%,49.00172247667797,km/h,,,1798.4889157116413,u/min,,,,,,,,,,,,,29.99999910593033,c,52.19624716043472,kPa,1.8126346990466118,precision,48.98111763518045,km/h,2.11263470351696,precision,1.1747306734323502,precision,7.604083100479841,deg,117.45252170700077,m,7.999999761581421,%,44.302331033894916,%,3.1196653897743896,l/h,9.490282087809508,g/s,7.331213665969816,kg/h,,,,,,,,,,,,,,,,,,,,,,,,,,,,,,,,,,,,,,,,,,,,,,,,,,,,,,,primary,,,,,,,,,,,,,,,,,,,,,,,,,,,,,,,,,,,,,,,,,,,,,,,,,,,,,,,,,
57eab561e4b0f05fc22341d6,12.482059618048856,57cc950ce4b0f05fc1ccc615,2009,1242,gasoline,Ford,Fiesta,91,51.129103074181934,6.337065544282406,2016-09-27T15:48:10Z,daylight,2,"Schriefersmühle, Mönchengladbach, Regierungsbezirk Düsseldorf, Nordrhein-Westfalen, 41179, Deutschland",146513932,19.0,%,54.264026403427124,km/h,,,1981.7355369329453,u/min,,,,,,,,,,,,,29.99999910593033,c,53.99999839067459,kPa,1.778333306312561,precision,53.08364496809713,km/h,2.0783333018422128,precision,1.0891666501760484,precision,7.709848837906435,deg,116.09748389209665,m,12.0,%,47.450980433062,%,3.5563165799010683,l/h,10.81861139577404,g/s,8.35734396276751,kg/h,,,,,,,,,,,,,,,,,,,,,,,,,,,,,,,,,,,,,,,,,,,,,,,,,,,,,,,primary,,,,,,,,,,,,,,,,,,,,,,,,,,,,,,,,,,,,,,,,,,,,,,,,,,,,,,,,,
57eab561e4b0f05fc22341d6,12.482059618048856,57cc950ce4b0f05fc1ccc615,2009,1242,gasoline,Ford,Fiesta,92,51.12979287676079,6.337210153224229,2016-09-27T15:48:16Z,daylight,2,"Schriefersmühle, Mönchengladbach, Regierungsbezirk Düsseldorf, Nordrhein-Westfalen, 41179, Deutschland",146513932,23.0,%,58.495096296072006,km/h,,,2138.3445415496826,u/min,,,,,,,,,,,,,30.0,c,76.53623187541962,kPa,1.6877832889556885,precision,58.063383526932,km/h,1.987783295661211,precision,1.0000000223517418,precision,7.273548095465351,deg,114.06482227802971,m,12.000000178813934,%,65.52820982260187,%,5.438833051778838,l/h,16.545383379598874,g/s,12.781257671680269,kg/h,,,,,,,,,,,,,,,,,,,,,,,,,,,,,,,,,,,,,,,,,,,,,,,,,,,,,,,primary,,,,,,,,,,,,,,,,,,,,,,,,,,,,,,,,,,,,,,,,,,,,,,,,,,,,,,,,,
57eab561e4b0f05fc22341d6,12.482059618048856,57cc950ce4b0f05fc1ccc615,2009,1242,gasoline,Ford,Fiesta,93,51.13054100222469,6.337395081613818,2016-09-27T15:48:20Z,daylight,2,"Schriefersmühle, Mönchengladbach, Regierungsbezirk Düsseldorf, Nordrhein-Westfalen, 41179, Deutschland",146513932,23.65886288881302,%,65.67438212037086,km/h,,,1899.0133456587791,u/min,,,,,,,,,,,,,29.0,c,82.99341085203923,kPa,1.699999974668026,precision,63.906436936538284,km/h,1.9999999701976776,precision,1.0999999836087229,precision,7.78013192173789,deg,112.09800319923418,m,16.000000476837158,%,73.84574891808768,%,5.254937721282647,l/h,15.985958459618583,g/s,12.349103645014221,kg/h,,,,,,,,,,,,,,,,,,,,,,,,,,,,,,,,,,,,,,,,,,,,,,,,,,,,,,,primary,,,,,,,,,,,,,,,,,,,,,,,,,,,,,,,,,,,,,,,,,,,,,,,,,,,,,,,,,
57eab561e4b0f05fc22341d6,12.482059618048856,57cc950ce4b0f05fc1ccc615,2009,1242,gasoline,Ford,Fiesta,94,51.13136762535774,6.337570701229066,2016-09-27T15:48:25Z,daylight,2,"Schriefersmühle, Mönchengladbach, Regierungsbezirk Düsseldorf, Nordrhein-Westfalen, 41179, Deutschland",146513932,18.000000536441803,%,68.00000025331974,km/h,,,1987.1043490469456,u/min,,,,,,,,,,,,,28.999999567866325,c,47.724422454833984,kPa,1.7929980278015136,precision,67.36480440941244,km/h,2.0929980278015137,precision,1.1,precision,7.864329915515281,deg,110.33054211613327,m,12.000000089406967,%,41.61147986150627,%,3.1619667511236504,l/h,9.618966354147405,g/s,7.430621865140579,kg/h,,,,,,,,,,,,,,,,,,,,,,,,,,,,,,,,,,,,,,,,,,,,,,,,,,,,,,,primary,,,,,,,,,,,,,,,,,,,,,,,,,,,,,,,,,,,,,,,,,,,,,,,,,,,,,,,,,
57eab561e4b0f05fc22341d6,12.482059618048856,57cc950ce4b0f05fc1ccc615,2009,1242,gasoline,Ford,Fiesta,95,51.13225191272116,6.337742623532396,2016-09-27T15:48:30Z,daylight,2,"Schriefersmühle, Mönchengladbach, Regierungsbezirk Düsseldorf, Nordrhein-Westfalen, 41179, Deutschland",146513932,19.0,%,70.0,km/h,,,2034.2112538516521,u/min,,,,,,,,,,,,,29.000000432133675,c,51.0,kPa,1.4160000205039978,precision,67.9668940441154,km/h,1.7160000249743461,precision,1.0000000149011612,precision,7.607988100015966,deg,111.22204305171526,m,12.000000089406967,%,44.70588235995348,%,3.4590924635346676,l/h,10.522847531777753,g/s,8.12886728930647,kg/h,,,,,,,,,,,,,,,,,,,,,,,,,,,,,,,,,,,,,,,,,,,,,,,,,,,,,,,primary,,,,,,,,,,,,,,,,,,,,,,,,,,,,,,,,,,,,,,,,,,,,,,,,,,,,,,,,,
57eab561e4b0f05fc22341d6,12.482059618048856,57cc950ce4b0f05fc1ccc615,2009,1242,gasoline,Ford,Fiesta,96,51.13309670866868,6.337911520695431,2016-09-27T15:48:35Z,daylight,2,"Schriefersmühle, Mönchengladbach, Regierungsbezirk Düsseldorf, Nordrhein-Westfalen, 41179, Deutschland",146513932,13.807628318667412,%,67.48281306028366,km/h,,,1958.2828946113586,u/min,,,,,,,,,,,,,30.0,c,22.70163866877556,kPa,1.5904621198773385,precision,68.18889928255203,km/h,1.8904621154069898,precision,0.9999999850988388,precision,7.205680053332401,deg,113.35548160089974,m,8.49550473690033,%,16.851097226030063,%,1.4773847315569746,l/h,4.494327468790613,g/s,3.4718541191588903,kg/h,,,,,,,,,,,,,,,,,,,,,,,,,,,,,,,,,,,,,,,,,,,,,,,,,,,,,,,primary,,,,,,,,,,,,,,,,,,,,,,,,,,,,,,,,,,,,,,,,,,,,,,,,,,,,,,,,,
57eab561e4b0f05fc22341d6,12.482059618048856,57cc950ce4b0f05fc1ccc615,2009,1242,gasoline,Ford,Fiesta,97,51.13390229262182,6.3381173757562355,2016-09-27T15:48:40Z,daylight,2,"Schriefersmühle, Mönchengladbach, Regierungsbezirk Düsseldorf, Nordrhein-Westfalen, 41179, Deutschland",146513932,17.999999463558197,%,64.00000095367432,km/h,,,1860.3781651332974,u/min,,,,,,,,,,,,,30.0,c,46.086236514151096,kPa,1.4785858921706676,precision,63.62376168096159,km/h,1.7785858988761905,precision,1.078585883229971,precision,11.88522071766522,deg,114.94675366658397,m,12.000000357627869,%,38.829382130511476,%,2.84926896042398,l/h,8.667713616689781,g/s,6.695782056996353,kg/h,,,,,,,,,,,,,,,,,,,,,,,,,,,,,,,,,,,,,,,,,,,,,,,,,,,,,,,primary,,,,,,,,,,,,,,,,,,,,,,,,,,,,,,,,,,,,,,,,,,,,,,,,,,,,,,,,,
57eab561e4b0f05fc22341d6,12.482059618048856,57cc950ce4b0f05fc1ccc615,2009,1242,gasoline,Ford,Fiesta,98,51.134683416713074,6.33853748641651,2016-09-27T15:48:46Z,daylight,2,"Schriefersmühle, Mönchengladbach, Regierungsbezirk Düsseldorf, Nordrhein-Westfalen, 41179, Deutschland",146513932,19.000000566244125,%,65.99999870918691,km/h,,,1901.066940844059,u/min,,,,,,,,,,,,,30.0,c,58.0000017285347,kPa,1.2366366550326346,precision,64.91371422469479,km/h,1.461061082780361,precision,0.9366366505622864,precision,22.57885785519551,deg,116.61029157206448,m,7.69076281785965,%,51.16759890432968,%,3.664260872456312,l/h,11.146986929084806,g/s,8.611013050272334,kg/h,,,,,,,,,,,,,,,,,,,,,,,,,,,,,,,,,,,,,,,,,,,,,,,,,,,,,,,primary,,,,,,,,,,,,,,,,,,,,,,,,,,,,,,,,,,,,,,,,,,,,,,,,,,,,,,,,,
57eab561e4b0f05fc22341d6,12.482059618048856,57cc950ce4b0f05fc1ccc615,2009,1242,gasoline,Ford,Fiesta,99,51.13538701544239,6.339279054233776,2016-09-27T15:48:50Z,daylight,2,"Schriefersmühle, Mönchengladbach, Regierungsbezirk Düsseldorf, Nordrhein-Westfalen, 41179, Deutschland",146513932,18.000000335276127,%,66.00000196695328,km/h,,,1914.8756219148636,u/min,,,,,,,,,,,,,29.999999552965164,c,46.99999859929085,kPa,1.5774925842881202,precision,65.51471355378726,km/h,1.877492582052946,precision,0.988746290653944,precision,36.12140753788026,deg,118.47297042257071,m,8.0,%,40.69361398180081,%,2.9908827288774997,l/h,9.09851450147276,g/s,7.028574412862125,kg/h,,,,,,,,,,,,,,,,,,,,,,,,,,,,,,,,,,,,,,,,,,,,,,,,,,,,,,,primary,,,,,,,,,,,,,,,,,,,,,,,,,,,,,,,,,,,,,,,,,,,,,,,,,,,,,,,,,
57eab563e4b0f05fc223441d,2.3792878918660296,57cc950ce4b0f05fc1ccc615,2009,1242,gasoline,Ford,Fiesta,0,51.18079730724938,6.38846453251089,2016-09-27T16:32:30Z,daylight,2,"Am Nordpark, Rönneter, Holt, Hehnerholt, Mönchengladbach, Regierungsbezirk Düsseldorf, Nordrhein-Westfalen, 41069, Deutschland",37340955,17.999999463558197,%,55.0,km/h,,,1591.1939826011658,u/min,,,,,,,,,,,,,38.00000113248825,c,53.028436709195375,kPa,1.8798798233270646,precision,54.367529785146246,km/h,2.0798798173666,precision,0.9266265988349914,precision,306.672840749206,deg,118.34131777829153,m,3.9999999403953552,%,44.82170522194599,%,2.731999947399031,l/h,8.310971506650134,g/s,6.420199876387723,kg/h,,,,,,,,,,,,,,,,,,,,,,,,,,,,,,,,,,,,,,,,,,,,,,,,,,,,,,,tertiary,,,,,,,,,,,,,,,,,,yes,,,,,,,,,,,,,,,,,,,,,,,,,,,,,,,,,,,,,,,
57eab563e4b0f05fc223441d,2.3792878918660296,57cc950ce4b0f05fc1ccc615,2009,1242,gasoline,Ford,Fiesta,1,51.18125258194458,6.387676007157737,2016-09-27T16:32:35Z,daylight,2,"Am Nordpark, Rönneter, Holt, Hehnerholt, Mönchengladbach, Regierungsbezirk Düsseldorf, Nordrhein-Westfalen, 41069, Deutschland",37340955,21.619439214468002,%,54.00000160932541,km/h,,,1569.5074407458305,u/min,,,,,,,,,,,,,37.0,c,79.11329963058233,kPa,1.9484000280499458,precision,53.137370440615484,km/h,2.172600030899048,precision,0.9726000130176544,precision,318.7907540078986,deg,119.43594425734517,m,7.9999998807907104,%,67.44510535955283,%,4.033291706405829,l/h,12.26960947852873,g/s,9.478235510053699,kg/h,,,,,,,,,,,,,,,,,,,,,,,,,,,,,,,,,,,,,,,,,,,,,,,,,,,,,,,tertiary,,,,,,,,,,,,,,,,,,yes,,,,,,,,,,,,,,,,,,,,,,,,,,,,,,,,,,,,,,,
57eab563e4b0f05fc223441d,2.3792878918660296,57cc950ce4b0f05fc1ccc615,2009,1242,gasoline,Ford,Fiesta,2,51.181874954839714,6.3872011055159215,2016-09-27T16:32:40Z,daylight,2,"Am Nordpark, Rönneter, Holt, Hehnerholt, Mönchengladbach, Regierungsbezirk Düsseldorf, Nordrhein-Westfalen, 41069, Deutschland",31276606,18.000000536441803,%,56.75934875011444,km/h,,,1643.8665349781513,u/min,,,,,,,,,,,,,35.999998927116394,c,57.9131121635437,kPa,1.4926949620246885,precision,56.190513568073925,km/h,1.7617966413497923,precision,0.9000000000000001,precision,344.6799003311662,deg,122.12546332702854,m,8.000000238418579,%,48.526270923331595,%,3.1023639883475735,l/h,9.43764978288568,g/s,7.290555372616798,kg/h,,,,,,,,,,,,,,,,,,,,,,,,,,,,,,,,,,,,,,,,,,,,,,,,,,,,,,,tertiary,,,,,,,,,,,,,,,,,,yes,,,,,,,,,,,,,,,,,,,,,,,,,,,,,,,,,,,,,,,
57eab563e4b0f05fc223441d,2.3792878918660296,57cc950ce4b0f05fc1ccc615,2009,1242,gasoline,Ford,Fiesta,3,51.18260641081722,6.387118525799818,2016-09-27T16:32:45Z,daylight,2,"Am Nordpark, Rönneter, Holt, Hehnerholt, Mönchengladbach, Regierungsbezirk Düsseldorf, Nordrhein-Westfalen, 41069, Deutschland",31276606,14.33764135837555,%,57.33818769454956,km/h,,,1671.4933712482452,u/min,,,,,,,,,,,,,36.0,c,27.07464937493205,kPa,1.8,precision,57.716442891442966,km/h,2.0,precision,0.9,precision,358.34633709045374,deg,123.1285946250186,m,8.0,%,20.936312274406305,%,1.474744518012143,l/h,4.48629571916944,g/s,3.4656496173285363,kg/h,,,,,,,,,,,,,,,,,,,,,,,,,,,,,,,,,,,,,,,,,,,,,,,,,,,,,,,tertiary,,,,,,,,,,,,,,,,,,yes,,,,,,,,,,,,,,,,,,,,,,,,,,,,,,,,,,,,,,,
57eab563e4b0f05fc223441d,2.3792878918660296,57cc950ce4b0f05fc1ccc615,2009,1242,gasoline,Ford,Fiesta,4,51.18333064798827,6.387518167239484,2016-09-27T16:32:50Z,daylight,2,"Am Nordpark, Rönneter, Hehn, Hehnerholt, Mönchengladbach, Regierungsbezirk Düsseldorf, Nordrhein-Westfalen, 41069, Deutschland",17475252,14.082390516996384,%,62.0,km/h,,,1801.6087157838047,u/min,,,,,,,,,,,,,36.0,c,29.236180901527405,kPa,1.8000000536441805,precision,61.1205655161898,km/h,2.0000000596046448,precision,0.9000000268220902,precision,21.498510985331336,deg,122.93989988148157,m,7.999999761581421,%,21.945355358157485,%,1.716447029534946,l/h,5.2215749010977675,g/s,4.033650519407123,kg/h,,,,,,,,,,,,,,,,,,,,,,,,,,,,,,,,,,,,,,,,,,,,,,,,,,,,,,,tertiary,,,,,,,,,,,,,,,,,,,,,,,,,,,,,,,,,,,,,,,,,,,,,,,,,,,,,,,,,
57eab563e4b0f05fc223441d,2.3792878918660296,57cc950ce4b0f05fc1ccc615,2009,1242,gasoline,Ford,Fiesta,5,51.18402454763078,6.387887625870974,2016-09-27T16:32:55Z,daylight,2,"Hehn, Rönneter, Hehn, Hehnerholt, Mönchengladbach, Regierungsbezirk Düsseldorf, Nordrhein-Westfalen, 41069, Deutschland",37590936,20.299525171518326,%,61.63418531417847,km/h,,,1786.551171451807,u/min,,,,,,,,,,,,,36.0,c,70.84579425863922,kPa,3.0734634160995484,precision,60.85410978109371,km/h,3.3668292701244353,precision,1.448975610733032,precision,6.733132110043812,deg,121.60616639937888,m,20.384838938713074,%,60.07917655053154,%,4.124571384215719,l/h,12.547289865066237,g/s,9.692742752906941,kg/h,,,,,,,,,,,,,,,,,,,,,,,,,,,,,,,,,,,,,,,,,,,,,,,,,,,,,,,tertiary,,,,,,,,,,,,,,,,,,,,,,,,,,,,,,,,,,,,,,,,,,,,,,,,,,,,,,,,,
57eab563e4b0f05fc223441d,2.3792878918660296,57cc950ce4b0f05fc1ccc615,2009,1242,gasoline,Ford,Fiesta,6,51.18476765713159,6.387624861918017,2016-09-27T16:33:00Z,daylight,2,"Am Nordpark, Rönneter, Hehn, Hehnerholt, Mönchengladbach, Regierungsbezirk Düsseldorf, Nordrhein-Westfalen, 41069, Deutschland",31276607,86.00000256299973,%,63.000000938773155,km/h,,,1825.6032718755305,u/min,,,,,,,,,,,,,36.0,c,101.00000150501728,kPa,1.6819018423557281,precision,62.06269915431392,km/h,1.8819018423557283,precision,0.9000000000000001,precision,329.30394698392865,deg,125.22010913564759,m,13.790099382400513,%,90.70547450868344,%,6.008652339017282,l/h,18.278821136318825,g/s,14.120332996690614,kg/h,,,,,,,,,,,,,,,,,,,,,,,,,,,,,,,,,,,,,,,,,,,,,,,,,,,,,,,tertiary,,,,,,,,,,,,,,,,,,,,,,,,,,,,,,,,,,,,,,,,,,,,,,,,,,,,,,,,,
57eab563e4b0f05fc223441d,2.3792878918660296,57cc950ce4b0f05fc1ccc615,2009,1242,gasoline,Ford,Fiesta,7,51.18537852722698,6.386947523862499,2016-09-27T16:33:05Z,daylight,2,"Am Nordpark, Rönneter, Hehn, Hehnerholt, Mönchengladbach, Regierungsbezirk Düsseldorf, Nordrhein-Westfalen, 41069, Deutschland",31276607,13.660772114992142,%,59.014609180390835,km/h,,,1721.5090611577034,u/min,,,,,,,,,,,,,33.99999949336052,c,25.29818856716156,kPa,1.631636726856232,precision,59.03747597577012,km/h,1.8632734537124633,precision,0.9316367268562317,precision,323.53536842440735,deg,122.35050666181513,m,8.0,%,17.638043372244738,%,1.4284556494449976,l/h,4.345481123582469,g/s,3.3568707761957444,kg/h,,,,,,,,,,,,,,,,,,,,,,,,,,,,,,,,,,,,,,,,,,,,,,,,,,,,,,,tertiary,,,,,,,,,,,,,,,,,,,,,,,,,,,,,,,,,,,,,,,,,,,,,,,,,,,,,,,,,
57eab563e4b0f05fc223441d,2.3792878918660296,57cc950ce4b0f05fc1ccc615,2009,1242,gasoline,Ford,Fiesta,8,51.18601426505879,6.386434226804424,2016-09-27T16:33:10Z,daylight,2,"Am Nordpark, Rönneter, Hehn, Beltinghoven, Mönchengladbach, Regierungsbezirk Düsseldorf, Nordrhein-Westfalen, 41069, Deutschland",30795671,37.79933771491051,%,61.90508382022381,km/h,,,1810.361860498786,u/min,,,,,,,,,,,,,35.0,c,97.76759265363216,kPa,1.7724520683288574,precision,61.12272165639115,km/h,1.9724520683288573,precision,0.9000000000000001,precision,346.82591202199274,deg,119.20485066589231,m,8.000000238418579,%,86.82150259854734,%,5.786509663820795,l/h,17.603044606481507,g/s,13.598297709978869,kg/h,,,,,,,,,,,,,,,,,,,,,,,,,,,,,,,,,,,,,,,,,,,,,,,,,,,,,,,tertiary,,,,,,,,,,,,,,,,,,yes,,,,,,,,,,,,,,,,,,,,,,,,,,,,,,,,,,,,,,,
57eab563e4b0f05fc223441d,2.3792878918660296,57cc950ce4b0f05fc1ccc615,2009,1242,gasoline,Ford,Fiesta,9,51.18678099485001,6.386650980119482,2016-09-27T16:33:15Z,daylight,2,"Am Nordpark, Rönneter, Hehn, Beltinghoven, Mönchengladbach, Regierungsbezirk Düsseldorf, Nordrhein-Westfalen, 41069, Deutschland",30795671,14.75480729341507,%,66.99999837763608,km/h,,,1925.4522166848183,u/min,,,,,,,,,,,,,32.99999950826168,c,28.46869993209839,kPa,1.6000000476837157,precision,66.87011335817147,km/h,1.8000000536441805,precision,0.9000000268220902,precision,27.96812294098862,deg,120.49065542879319,m,9.170340418815613,%,30.51681963124011,%,1.803784533362636,l/h,5.487262865866919,g/s,4.238893653402195,kg/h,,,,,,,,,,,,,,,,,,,,,,,,,,,,,,,,,,,,,,,,,,,,,,,,,,,,,,,tertiary,,,,,,,,,,,,,,,,,,yes,,,,,,,,,,,,,,,,,,,,,,,,,,,,,,,,,,,,,,,
57eab563e4b0f05fc223441d,2.3792878918660296,57cc950ce4b0f05fc1ccc615,2009,1242,gasoline,Ford,Fiesta,10,51.187470901156495,6.3874097263272045,2016-09-27T16:33:20Z,daylight,2,"Am Nordpark, Rönneter, Hehn, Beltinghoven, Mönchengladbach, Regierungsbezirk Düsseldorf, Nordrhein-Westfalen, 41069, Deutschland",30795870,12.999999612569809,%,62.999998826533556,km/h,,,1839.3565769195557,u/min,,,,,,,,,,,,,34.847432017326355,c,23.0,kPa,2.1673978686332704,precision,63.56166050668048,km/h,2.4971087455749514,precision,1.1782652378082275,precision,36.06555979435484,deg,121.96958556964495,m,11.999999642372131,%,16.470589174943825,%,1.3837741445033975,l/h,4.209556262091377,g/s,3.2518692395829842,kg/h,,,,,,,,,,,,,,,,,,,,,,,,,,,,,,,,,,,,,,,,,,,,,,,,,,,,,,,tertiary,,,,,,,,,,,,,,,,,,yes,,,,,,,,,,,,,,,,,,,,,,,,,,,,,,,,,,,,,,,
57eab563e4b0f05fc223441d,2.3792878918660296,57cc950ce4b0f05fc1ccc615,2009,1242,gasoline,Ford,Fiesta,11,51.18810783978612,6.388128162995416,2016-09-27T16:33:25Z,daylight,2,"Am Nordpark, Rönneter, Hehn, Beltinghoven, Mönchengladbach, Regierungsbezirk Düsseldorf, Nordrhein-Westfalen, 41069, Deutschland",30795870,32.0,%,62.0,km/h,,,1787.0731442570686,u/min,,,,,,,,,,,,,36.000001072883606,c,99.01922783255577,kPa,2.1537689089775087,precision,61.1265749708366,km/h,2.453768917918205,precision,1.2122613430023192,precision,25.788876252934188,deg,124.88828924885036,m,13.07892107963562,%,84.90196228027344,%,5.766484817898309,l/h,17.542127356448148,g/s,13.551239322061027,kg/h,,,,,,,,,,,,,,,,,,,,,,,,,,,,,,,,,,,,,,,,,,,,,,,,,,,,,,,tertiary,,,,,,,,,,,,,,,,,,yes,,,,,,,,,,,,,,,,,,,,,,,,,,,,,,,,,,,,,,,
57eab563e4b0f05fc223441d,2.3792878918660296,57cc950ce4b0f05fc1ccc615,2009,1242,gasoline,Ford,Fiesta,12,51.18884467303763,6.3882653893021235,2016-09-27T16:33:30Z,daylight,2,"Am Nordpark, Rönneter, Venn, Beltinghoven, Mönchengladbach, Regierungsbezirk Düsseldorf, Nordrhein-Westfalen, 41068, Deutschland",8084156,12.999999806284904,%,63.83993399143219,km/h,,,1858.2784181833267,u/min,,,,,,,,,,,,,33.0,c,22.016501665115356,kPa,2.317922604084015,precision,63.25118723177479,km/h,2.5786150693893433,precision,1.2,precision,357.2371532739726,deg,126.27741266047755,m,7.999999761581421,%,16.883625012910954,%,1.3463047353830209,l/h,4.095571197096431,g/s,3.163816128150099,kg/h,,,,,,,,,,,,,,,,,,,,,,,,,,,,,,,,,,,,,,,,,,,,,,,,,,,,,,,tertiary,,,,,,,,,,,,,,,,,,yes,,,,,,,,,,,,,,,,,,,,,,,,,,,,,,,,,,,,,,,
57eab563e4b0f05fc223441d,2.3792878918660296,57cc950ce4b0f05fc1ccc615,2009,1242,gasoline,Ford,Fiesta,13,51.18963333949717,6.388123473835911,2016-09-27T16:33:35Z,daylight,2,"Am Nordpark, Rönneter, Venn, Beltinghoven, Mönchengladbach, Regierungsbezirk Düsseldorf, Nordrhein-Westfalen, 41068, Deutschland",8084156,21.985000307671726,%,62.35738253593445,km/h,,,1811.2998349666595,u/min,,,,,,,,,,,,,33.99999949336052,c,76.96039605140686,kPa,1.7422679901123048,precision,61.169144908537646,km/h,2.0134020030498503,precision,0.9711339920759201,precision,357.4739917150655,deg,127.20476759886026,m,8.0,%,66.57268102165563,%,4.572204683592371,l/h,13.909027664544961,g/s,10.744681006442073,kg/h,,,,,,,,,,,,,,,,,,,,,,,,,,,,,,,,,,,,,,,,,,,,,,,,,,,,,,,tertiary,,,,,,,,,,,,,,,,,,yes,,,,,,,,,,,,,,,,,,,,,,,,,,,,,,,,,,,,,,,
57eab563e4b0f05fc223441d,2.3792878918660296,57cc950ce4b0f05fc1ccc615,2009,1242,gasoline,Ford,Fiesta,14,51.19039455224843,6.388420652210947,2016-09-27T16:33:40Z,daylight,2,"Am Nordpark, Rönneter, Venn, Beltinghoven, Mönchengladbach, Regierungsbezirk Düsseldorf, Nordrhein-Westfalen, 41068, Deutschland",9732129,20.000000298023224,%,68.45567855238914,km/h,,,1988.4672898054123,u/min,,,,,,,,,,,,,32.99999901652336,c,63.999999046325684,kPa,1.6283332854509354,precision,67.74998508907606,km/h,1.9716666072607039,precision,1.1149999648332596,precision,19.144987227792228,deg,126.19257000816842,m,19.963672399520874,%,56.1669408962139,%,4.187768809813038,l/h,12.739541700185411,g/s,9.84125670306064,kg/h,,,,,,,,,,,,,,,,,,,,,,,,,,,,,,,,,,,,,,,,,,,,,,,,,,,,,,,tertiary,,,,,,,,,,,,,,,,,,yes,,,,,,,,,,,,,,,,,,,,,,,,,,,,,,,,,,,,,,,
57eab563e4b0f05fc223441d,2.3792878918660296,57cc950ce4b0f05fc1ccc615,2009,1242,gasoline,Ford,Fiesta,15,51.191204816202166,6.388985870502151,2016-09-27T16:33:45Z,daylight,2,"Am Nordpark, Rönneter, Venn, Beltinghoven, Mönchengladbach, Regierungsbezirk Düsseldorf, Nordrhein-Westfalen, 41068, Deutschland",9732129,18.079744815826416,%,72.29139071702957,km/h,,,2105.561983346939,u/min,,,,,,,,,,,,,33.00000049173832,c,48.4377047419548,kPa,1.6253792196512222,precision,72.0323565733263,km/h,1.8253792256116868,precision,0.9000000268220902,precision,25.551068921136732,deg,125.54023652728318,m,8.000000238418579,%,39.363381804477626,%,3.3561075002727976,l/h,10.209558691454871,g/s,7.886852625641074,kg/h,,,,,,,,,,,,,,,,,,,,,,,,,,,,,,,,,,,,,,,,,,,,,,,,,,,,,,,tertiary,,,,,,,,,,,,,,,,,,yes,,,,,,,,,,,,,,,,,,,,,,,,,,,,,,,,,,,,,,,
57eab563e4b0f05fc223441d,2.3792878918660296,57cc950ce4b0f05fc1ccc615,2009,1242,gasoline,Ford,Fiesta,16,51.19199196818621,6.3896246016110005,2016-09-27T16:33:50Z,daylight,2,"Am Nordpark, Rönneter, Venn, Beltinghoven, Mönchengladbach, Regierungsbezirk Düsseldorf, Nordrhein-Westfalen, 41068, Deutschland",8084156,13.0822783857584,%,70.57680040597916,km/h,,,2046.7763780355453,u/min,,,,,,,,,,,,,33.00000098347664,c,23.81516581773758,kPa,1.4999999552965164,precision,70.32971340051961,km/h,1.7999999463558198,precision,0.8999999731779099,precision,26.35862227810702,deg,126.1859908394048,m,8.00000011920929,%,16.104617014932842,%,1.6040144717283504,l/h,4.879545690870286,g/s,3.769434008561624,kg/h,,,,,,,,,,,,,,,,,,,,,,,,,,,,,,,,,,,,,,,,,,,,,,,,,,,,,,,tertiary,,,,,,,,,,,,,,,,,,yes,,,,,,,,,,,,,,,,,,,,,,,,,,,,,,,,,,,,,,,
57eab563e4b0f05fc223441d,2.3792878918660296,57cc950ce4b0f05fc1ccc615,2009,1242,gasoline,Ford,Fiesta,17,51.192715385631836,6.390203935144923,2016-09-27T16:33:55Z,daylight,2,"Am Nordpark, Rönneter, Venn, Beltinghoven, Mönchengladbach, Regierungsbezirk Düsseldorf, Nordrhein-Westfalen, 41068, Deutschland",8084156,12.999999806284904,%,61.61476910114288,km/h,,,1784.7559278011322,u/min,,,,,,,,,,,,,33.999999556690454,c,23.0,kPa,1.686292827129364,precision,61.41243990006046,km/h,1.9552440226078034,precision,0.9310488045215607,precision,25.66345500320074,deg,125.80861876407715,m,7.4265159368515015,%,16.47058868408203,%,1.3464018250597907,l/h,4.095866551983971,g/s,3.164044288890508,kg/h,,,,,,,,,,,,,,,,,,,,,,,,,,,,,,,,,,,,,,,,,,,,,,,,,,,,,,,tertiary,,,,,,,,,,,,,,,,,,yes,,,,,,,,,,,,,,,,,,,,,,,,,,,,,,,,,,,,,,,
57eab563e4b0f05fc223441d,2.3792878918660296,57cc950ce4b0f05fc1ccc615,2009,1242,gasoline,Ford,Fiesta,18,51.193338440976085,6.390372583097954,2016-09-27T16:34:00Z,daylight,2,"Am Nordpark, Rönneter, Venn, Beltinghoven, Mönchengladbach, Regierungsbezirk Düsseldorf, Nordrhein-Westfalen, 41068, Deutschland",8084156,11.999999821186066,%,40.708541482687,km/h,,,1867.2090857326984,u/min,,,,,,,,,,,,,35.000001043081284,c,19.23278659582138,kPa,2.611655241250992,precision,40.99031483485305,km/h,2.8817825675010678,precision,1.1805093050003053,precision,264.4998446748832,deg,122.908753915272,m,12.0,%,13.044887599069398,%,1.174063354355878,l/h,3.5715985625634437,g/s,2.7590488827363133,kg/h,,,,,,,,,,,,,,,,,,,,,,,,,,,,,,,,,,,,,,,,,,,,,,,,,,,,,,,tertiary,,,,,,,,,,,,,,,,,,yes,,,,,,,,,,,,,,,,,,,,,,,,,,,,,,,,,,,,,,,
57eab563e4b0f05fc223441d,2.3792878918660296,57cc950ce4b0f05fc1ccc615,2009,1242,gasoline,Ford,Fiesta,19,51.19365470484844,6.390335298087568,2016-09-27T16:34:05Z,daylight,2,"Rönneter, Venn, Poeth, Mönchengladbach, Regierungsbezirk Düsseldorf, Nordrhein-Westfalen, 41068, Deutschland",17280045,16.945945858955383,%,18.000000536441803,km/h,,,1315.9952847063541,u/min,,,,,,,,,,,,,36.000001072883606,c,41.51746038906276,kPa,1.6240795776247978,precision,17.689592610567786,km/h,1.8240795746445655,precision,0.8240795895457269,precision,24.789492524696506,deg,124.27992804899097,m,12.000000178813934,%,39.40177266196065,%,1.780468942192343,l/h,5.416334894560957,g/s,4.184102014152006,kg/h,,,,,,,,,,,,,,,,,,,,,,,,,,,,,,,,,,,,,,,,,,,,,,,,,,,,,,,unclassified,,,,,,,,,,,,,,,,,,no,,,,,,,,,,,,,,,,,,,,,,,,,,,,,,,,,,,,,,,
57eab563e4b0f05fc223441d,2.3792878918660296,57cc950ce4b0f05fc1ccc615,2009,1242,gasoline,Ford,Fiesta,20,51.19356985835075,6.390682532046151,2016-09-27T16:34:10Z,daylight,2,"Rönneter, Venn, Poeth, Mönchengladbach, Regierungsbezirk Düsseldorf, Nordrhein-Westfalen, 41068, Deutschland",17280045,33.500819474458694,%,31.59016388654709,km/h,,,2349.305750697851,u/min,,,,,,,,,,,,,34.557566821575165,c,95.68822556734085,kPa,1.740785551071167,precision,30.05436567437573,km/h,1.9407855570316315,precision,0.9000000268220901,precision,158.32092151577626,deg,122.10513191240214,m,8.000000238418579,%,79.83400913091009,%,7.36001006777291,l/h,22.389763960337504,g/s,17.29602365926634,kg/h,,,,,,,,,,,,,,,,,,,,,,,,,,,,,,,,,,,,,,,,,,,,,,,,,,,,,,,unclassified,,,,,,,,,,,,,,,,,,no,,,,,,,,,,,,,,,,,,,,,,,,,,,,,,,,,,,,,,,
57eab563e4b0f05fc223441d,2.3792878918660296,57cc950ce4b0f05fc1ccc615,2009,1242,gasoline,Ford,Fiesta,21,51.19314805569054,6.390942586745316,2016-09-27T16:34:15Z,daylight,2,"Rönneter, Venn, Poeth, Mönchengladbach, Regierungsbezirk Düsseldorf, Nordrhein-Westfalen, 41068, Deutschland",17280045,86.0,%,45.482083320617676,km/h,,,2244.4634652510285,u/min,,,,,,,,,,,,,33.4271844625473,c,101.00000301003456,kPa,1.7000000506639479,precision,44.28725699639574,km/h,1.9000000566244126,precision,0.9000000268220902,precision,147.07300111007862,deg,117.19526629997742,m,12.000000357627869,%,89.89947133495207,%,7.449251504728729,l/h,22.66124384834352,g/s,17.505741036112514,kg/h,,,,,,,,,,,,,,,,,,,,,,,,,,,,,,,,,,,,,,,,,,,,,,,,,,,,,,,unclassified,,,,,,,,,,,,,,,,,,no,,,,,,,,,,,,,,,,,,,,,,,,,,,,,,,,,,,,,,,
57eab563e4b0f05fc223441d,2.3792878918660296,57cc950ce4b0f05fc1ccc615,2009,1242,gasoline,Ford,Fiesta,22,51.19278356824506,6.391692806824224,2016-09-27T16:34:20Z,daylight,2,"Rönneter, Venn, Poeth, Mönchengladbach, Regierungsbezirk Düsseldorf, Nordrhein-Westfalen, 41068, Deutschland",17280045,17.43887096643448,%,50.923077300190926,km/h,,,1852.5549056380987,u/min,,,,,,,,,,,,,33.00000098347664,c,47.80335295200348,kPa,1.5,precision,49.75850578318932,km/h,1.8000000000000003,precision,0.9000000000000001,precision,124.22074403939769,deg,116.24282662227648,m,8.0,%,42.31396667268564,%,2.914162223608555,l/h,8.865124331069191,g/s,6.848281225480104,kg/h,,,,,,,,,,,,,,,,,,,,,,,,,,,,,,,,,,,,,,,,,,,,,,,,,,,,,,,unclassified,,,,,,,,,,,,,,,,,,no,,,,,,,,,,,,,,,,,,,,,,,,,,,,,,,,,,,,,,,
57eab563e4b0f05fc223441d,2.3792878918660296,57cc950ce4b0f05fc1ccc615,2009,1242,gasoline,Ford,Fiesta,23,51.19251169427886,6.392569969055888,2016-09-27T16:34:25Z,daylight,2,"Rönneter, Venn, Poeth, Mönchengladbach, Regierungsbezirk Düsseldorf, Nordrhein-Westfalen, 41068, Deutschland",17280045,13.259141504764557,%,47.91549260169268,km/h,,,1766.0546023845673,u/min,,,,,,,,,,,,,33.00000073760748,c,24.99999925494194,kPa,1.6,precision,49.156123688824664,km/h,1.9,precision,1.0706706702709199,precision,115.07163329955392,deg,119.09502639737785,m,8.0,%,17.307270632172276,%,1.4528754969080477,l/h,4.419768334552357,g/s,3.4142574177339124,kg/h,,,,,,,,,,,,,,,,,,,,,,,,,,,,,,,,,,,,,,,,,,,,,,,,,,,,,,,unclassified,,,,,,,,,,,,,,,,,,no,,,,,,,,,,,,,,,,,,,,,,,,,,,,,,,,,,,,,,,
57eab563e4b0f05fc223441d,2.3792878918660296,57cc950ce4b0f05fc1ccc615,2009,1242,gasoline,Ford,Fiesta,24,51.192275145360384,6.393375617343993,2016-09-27T16:34:30Z,daylight,2,"Rönneter, Venn, Poeth, Mönchengladbach, Regierungsbezirk Düsseldorf, Nordrhein-Westfalen, 41068, Deutschland",17280045,12.0,%,35.714284896850586,km/h,,,1123.828925728798,u/min,,,,,,,,,,,,,34.00000025331974,c,24.09969788789749,kPa,1.6280976086854935,precision,38.163325924832975,km/h,1.8561951756477357,precision,0.9280975878238679,precision,117.5786961567319,deg,118.69450960295298,m,20.20040011405945,%,17.493272468151986,%,0.8883412437329092,l/h,2.7024080918724875,g/s,2.0876019227723366,kg/h,,,,,,,,,,,,,,,,,,,,,,,,,,,,,,,,,,,,,,,,,,,,,,,,,,,,,,,unclassified,,,,,,,,,,,,,,,,,,no,,,,,,,,,,,,,,,,,,,,,,,,,,,,,,,,,,,,,,,
57eab563e4b0f05fc223441d,2.3792878918660296,57cc950ce4b0f05fc1ccc615,2009,1242,gasoline,Ford,Fiesta,25,51.19227670506883,6.393823339978182,2016-09-27T16:34:35Z,daylight,2,"Rönneter, Hamern, Poeth, Mönchengladbach, Regierungsbezirk Düsseldorf, Nordrhein-Westfalen, 41068, Deutschland",17280044,86.18412826955318,%,30.559350043535233,km/h,,,2281.488379895687,u/min,,,,,,,,,,,,,35.00000006519258,c,100.52483743429184,kPa,1.955110216140747,precision,28.71934340275368,km/h,2.2809619188308714,precision,1.0775551080703736,precision,47.13207364898443,deg,118.97505315457006,m,8.963618338108063,%,88.49321040922769,%,7.498044438921711,l/h,22.809676020236417,g/s,17.62040443146602,kg/h,,,,,,,,,,,,,,,,,,,,,,,,,,,,,,,,,,,,,,,,,,,,,,,,,,,,,,,unclassified,,,,,,,,,,,,,,,,,,,,,,,,,,,,,,,,,,,,,,,,,,,,,,,,,,,,,,,,,
57eab563e4b0f05fc223441d,2.3792878918660296,57cc950ce4b0f05fc1ccc615,2009,1242,gasoline,Ford,Fiesta,26,51.19265240501349,6.394365591725431,2016-09-27T16:34:40Z,daylight,2,"Rönneter, Hamern, Poeth, Mönchengladbach, Regierungsbezirk Düsseldorf, Nordrhein-Westfalen, 41068, Deutschland",17280044,13.388544596731663,%,44.99999865889549,km/h,,,1992.66927921772,u/min,,,,,,,,,,,,,31.99999976158142,c,34.665109515190125,kPa,1.6759918630123138,precision,45.53512296147136,km/h,1.875991863012314,precision,0.9253306210041047,precision,44.597275812843975,deg,123.62500772981574,m,11.999999821186066,%,28.07245537611857,%,2.2805151914073956,l/h,6.937517255193915,g/s,5.35921069980738,kg/h,,,,,,,,,,,,,,,,,,,,,,,,,,,,,,,,,,,,,,,,,,,,,,,,,,,,,,,unclassified,,,,,,,,,,,,,,,,,,,,,,,,,,,,,,,,,,,,,,,,,,,,,,,,,,,,,,,,,
57eab563e4b0f05fc223441d,2.3792878918660296,57cc950ce4b0f05fc1ccc615,2009,1242,gasoline,Ford,Fiesta,27,51.19292407388637,6.395030279158542,2016-09-27T16:34:45Z,daylight,2,"Rönneter, Hamern, Poeth, Mönchengladbach, Regierungsbezirk Düsseldorf, Nordrhein-Westfalen, 41068, Deutschland",17280044,13.000000060535967,%,38.675631403923035,km/h,,,1407.772727549076,u/min,,,,,,,,,,,,,32.99999950826168,c,24.0,kPa,1.595495504140854,precision,38.29620188783895,km/h,1.7954955041408538,precision,0.8558558583259582,precision,57.939235892079125,deg,123.95795667032746,m,11.001996159553528,%,17.254901628868254,%,1.1118035788808156,l/h,3.3821991372536813,g/s,2.612738410369917,kg/h,,,,,,,,,,,,,,,,,,,,,,,,,,,,,,,,,,,,,,,,,,,,,,,,,,,,,,,unclassified,,,,,,,,,,,,,,,,,,,,,,,,,,,,,,,,,,,,,,,,,,,,,,,,,,,,,,,,,
57eab563e4b0f05fc223441d,2.3792878918660296,57cc950ce4b0f05fc1ccc615,2009,1242,gasoline,Ford,Fiesta,28,51.19313628486528,6.395672561246869,2016-09-27T16:34:50Z,daylight,2,"Rönneter, Hamern, Poeth, Mönchengladbach, Regierungsbezirk Düsseldorf, Nordrhein-Westfalen, 41068, Deutschland",30979007,13.999999894062057,%,39.999998807907104,km/h,,,1450.006450265646,u/min,,,,,,,,,,,,,32.99999950826168,c,27.88976299762726,kPa,1.3723577648401262,precision,39.45581761631354,km/h,1.6723577737808226,precision,0.9723577529191971,precision,59.285009470227465,deg,126.86424707105458,m,8.000000238418579,%,22.03984259218703,%,1.330757849088383,l/h,4.048276273414285,g/s,3.1272809453577,kg/h,,,,,,,,,,,,,,,,,,,,,,,,,,,,,,,,,,,,,,,,,,,,,,,,,,,,,,,residential,,,,,,,,,,,,,,,,,,,,,,,,,,,,,,,,,,,,,,,,,,,,,,,,,,,,,,,,,
57eab563e4b0f05fc223441d,2.3792878918660296,57cc950ce4b0f05fc1ccc615,2009,1242,gasoline,Ford,Fiesta,29,51.19339257647596,6.396366296864402,2016-09-27T16:34:55Z,daylight,2,"Rönneter, Hamern, Poeth, Mönchengladbach, Regierungsbezirk Düsseldorf, Nordrhein-Westfalen, 41068, Deutschland",30979007,13.154779970645905,%,38.0,km/h,,,1397.622909218073,u/min,,,,,,,,,,,,,34.00000101327896,c,25.660685539245605,kPa,1.656543457508087,precision,37.9713470883288,km/h,1.8565434575080872,precision,0.8282717287540435,precision,57.07645709301278,deg,127.58868025976389,m,11.999999642372131,%,17.258084669994744,%,1.1763221800673989,l/h,3.5784700986133657,g/s,2.7643571231583874,kg/h,,,,,,,,,,,,,,,,,,,,,,,,,,,,,,,,,,,,,,,,,,,,,,,,,,,,,,,residential,,,,,,,,,,,,,,,,,,,,,,,,,,,,,,,,,,,,,,,,,,,,,,,,,,,,,,,,,
57eab563e4b0f05fc223441d,2.3792878918660296,57cc950ce4b0f05fc1ccc615,2009,1242,gasoline,Ford,Fiesta,30,51.193561586178234,6.397076487204716,2016-09-27T16:35:00Z,daylight,2,"Rönneter, Hamern, Poeth, Mönchengladbach, Regierungsbezirk Düsseldorf, Nordrhein-Westfalen, 41068, Deutschland",30979007,13.0,%,40.000001192092896,km/h,,,1433.2254947572947,u/min,,,,,,,,,,,,,34.0,c,25.974644027650356,kPa,1.8999999433755872,precision,40.01305573659215,km/h,2.0999999374151233,precision,0.9692460030317307,precision,81.2102776693232,deg,126.30292603960807,m,11.999999642372131,%,19.018354996720518,%,1.2210463544370633,l/h,3.714524764060416,g/s,2.869458932927099,kg/h,,,,,,,,,,,,,,,,,,,,,,,,,,,,,,,,,,,,,,,,,,,,,,,,,,,,,,,residential,,,,,,,,,,,,,,,,,,,,,,,,,,,,,,,,,,,,,,,,,,,,,,,,,,,,,,,,,
57eab563e4b0f05fc223441d,2.3792878918660296,57cc950ce4b0f05fc1ccc615,2009,1242,gasoline,Ford,Fiesta,31,51.19363623341883,6.397756053915458,2016-09-27T16:35:05Z,daylight,2,"Rönneter, Hamern, Poeth, Mönchengladbach, Regierungsbezirk Düsseldorf, Nordrhein-Westfalen, 41068, Deutschland",30979007,12.999999612569809,%,29.999999776482582,km/h,,,1467.5076316073537,u/min,,,,,,,,,,,,,34.72156196832657,c,22.000000327825546,kPa,1.6999999746680259,precision,29.775061588143615,km/h,1.8999999716877936,precision,0.8239450320601465,precision,60.156606575987325,deg,124.83528404508415,m,7.999999761581421,%,16.224845816537936,%,1.0564574796729571,l/h,3.213831691288442,g/s,2.482675077231449,kg/h,,,,,,,,,,,,,,,,,,,,,,,,,,,,,,,,,,,,,,,,,,,,,,,,,,,,,,,residential,,,,,,,,,,,,,,,,,,,,,,,,,,,,,,,,,,,,,,,,,,,,,,,,,,,,,,,,,
57eab563e4b0f05fc223441d,2.3792878918660296,57cc950ce4b0f05fc1ccc615,2009,1242,gasoline,Ford,Fiesta,32,51.19397501454912,6.398021315368043,2016-09-27T16:35:10Z,daylight,2,"Rönneter, Hamern, Poeth, Mönchengladbach, Regierungsbezirk Düsseldorf, Nordrhein-Westfalen, 41068, Deutschland",30979007,12.999999612569809,%,32.99999975413084,km/h,,,1617.3739432096481,u/min,,,,,,,,,,,,,34.0,c,22.999999657273293,kPa,2.246821457147598,precision,32.373075243613926,km/h,2.5723512351512907,precision,1.2744702696800232,precision,13.62044714300643,deg,121.55861352429307,m,8.28370201587677,%,16.2362036960742,%,1.2201305284539676,l/h,3.7117387451010075,g/s,2.867306741866824,kg/h,,,,,,,,,,,,,,,,,,,,,,,,,,,,,,,,,,,,,,,,,,,,,,,,,,,,,,,residential,,,,,,,,,,,,,,,,,,,,,,,,,,,,,,,,,,,,,,,,,,,,,,,,,,,,,,,,,
57eab563e4b0f05fc223441d,2.3792878918660296,57cc950ce4b0f05fc1ccc615,2009,1242,gasoline,Ford,Fiesta,33,51.19426062064906,6.398422519514819,2016-09-27T16:35:15Z,daylight,2,"Rönneter, Hamern, Poeth, Mönchengladbach, Regierungsbezirk Düsseldorf, Nordrhein-Westfalen, 41068, Deutschland",30979007,15.83713310956955,%,33.86942574381828,km/h,,,1634.4321210831404,u/min,,,,,,,,,,,,,34.999998956918716,c,41.784313678741455,kPa,1.8407631069421768,precision,33.43051645566766,km/h,2.040763112902641,precision,0.9000000268220902,precision,66.36845646342908,deg,118.93360059128088,m,8.0,%,38.64150428131654,%,2.232731671425682,l/h,6.792155805449542,g/s,5.246919427850353,kg/h,,,,,,,,,,,,,,,,,,,,,,,,,,,,,,,,,,,,,,,,,,,,,,,,,,,,,,,residential,,,,,,,,,,,,,,,,,,,,,,,,,,,,,,,,,,,,,,,,,,,,,,,,,,,,,,,,,
57eab563e4b0f05fc223441d,2.3792878918660296,57cc950ce4b0f05fc1ccc615,2009,1242,gasoline,Ford,Fiesta,34,51.19436718047039,6.398908931981618,2016-09-27T16:35:20Z,daylight,2,"Rönneter, Hamern, Poeth, Mönchengladbach, Regierungsbezirk Düsseldorf, Nordrhein-Westfalen, 41068, Deutschland",30979007,12.000000357627869,%,15.999999582767487,km/h,,,1181.1800175905228,u/min,,,,,,,,,,,,,34.99999947845936,c,23.92500001192093,kPa,1.6999999999999997,precision,12.666393488522232,km/h,1.9300294399261475,precision,1.0,precision,101.93375107271436,deg,116.46201228247605,m,11.999999642372131,%,16.470588193220237,%,0.923898810955065,l/h,2.810577174492887,g/s,2.1711622057444027,kg/h,,,,,,,,,,,,,,,,,,,,,,,,,,,,,,,,,,,,,,,,,,,,,,,,,,,,,,,residential,,,,,,,,,,,,,,,,,,,,,,,,,,,,,,,,,,,,,,,,,,,,,,,,,,,,,,,,,
57eab563e4b0f05fc223441d,2.3792878918660296,57cc950ce4b0f05fc1ccc615,2009,1242,gasoline,Ford,Fiesta,35,51.19411240220829,6.399065416856229,2016-09-27T16:35:25Z,daylight,2,"Rönneterheide, Rönneter, Hamern, Poeth, Mönchengladbach, Regierungsbezirk Düsseldorf, Nordrhein-Westfalen, 41068, Deutschland",24592859,16.339314341545105,%,27.000000804662704,km/h,,,1328.8195123672485,u/min,,,,,,,,,,,,,32.9999993853271,c,38.79416537284851,kPa,1.75825996696949,precision,27.146983457623662,km/h,1.9873899698257445,precision,0.958259990811348,precision,162.6975323830925,deg,118.2074366963583,m,11.999999642372131,%,35.24413636215644,%,1.696354784916713,l/h,5.160452618615384,g/s,3.986433744554276,kg/h,,,,,,,,,,,,,,,,,,,,,,,,,,,,,,,,,,,,,,,,,,,,,,,,,,,,,,,residential,,,,,,,,,,,,,,,,,,,,,,,,,,,,,,,,,,,,,,,,,,,,,,,,,,,,,,,,,
57eab563e4b0f05fc223441d,2.3792878918660296,57cc950ce4b0f05fc1ccc615,2009,1242,gasoline,Ford,Fiesta,36,51.19377002730417,6.399233215581031,2016-09-27T16:35:30Z,daylight,2,"Rönneterheide, Rönneter, Hamern, Poeth, Mönchengladbach, Regierungsbezirk Düsseldorf, Nordrhein-Westfalen, 41068, Deutschland",24592859,17.000000316649675,%,31.000000923871994,km/h,,,1531.0000456273556,u/min,,,,,,,,,,,,,32.99999975413084,c,50.00000149011612,kPa,1.7999999999999998,precision,31.57158271363687,km/h,2.0,precision,0.8999999999999999,precision,167.46283843975834,deg,116.19273799768553,m,8.0,%,42.38999610330029,%,2.5190077235222197,l/h,7.663031412264884,g/s,5.919668150277216,kg/h,,,,,,,,,,,,,,,,,,,,,,,,,,,,,,,,,,,,,,,,,,,,,,,,,,,,,,,residential,,,,,,,,,,,,,,,,,,,,,,,,,,,,,,,,,,,,,,,,,,,,,,,,,,,,,,,,,
